~!@#$%^&
_
-
!!@@##
!@
!@#$%
!@#$%^
!@#$%^&
!@#$%^&*
!@#$%^&*(
!@#$%^&*()
!#%@$^
@#$%^&
@#$%&
00000
000000
00000000
0.123
0.1234
0123456
01234567
0123456.com
01280128
0147
03106226
0321
0p9o8i7u
1
100200
10086
1029384756
11
110110
110120
110120112
110120119
1111
11111
111111
11111111
1111111111
1+1=2
11223
112233
11223344
1122334455
1.12E+11
119110120
120119110
1212
123
!@#123
#@!123
123!@#
123$%^&
1230
123.0
123000
123123
123.123
123@123
123123123
1231234
123@123a
123123qweasdzxcvbnm
123258.
12331qa
12332!
123321
123.321
1234
!@#1234
1234,.
1234%^&*
12341234
12341234%^&*%^&*
12344
12344321
12345
12345^&*()
1234554321
123456
!@#123456
!@#123456!@#
@123456
123.456
123456!@#
123456!@#$%^
1234560
123456.0
1234567
1234567!@#$%^&
12345678
123456789
1234567890
12345678910
123456789123
123456789.com
12345678.com
1234567a
1234567.com
123456a
123456aa
123456admzxcvbnm!@#$%^&
123456q
123456qq
123456qwerty
123456z
12345qwert
123465
1234aaaa
1234.abcd
1234asdf
1234qwer
1234!@#$qwer
123567
123654
123654789
12369874
123698745a
123789
123abc
!@#123abc
123@abc
123abc@@@
123asd
123.com
123.idc
123linux
123qaz
123qwe
"123qwe,."
123!@#qwe
123.qwe
123qwe!
123qwe!@#
123qwe.
123qwe123
123qweasd
123qwer
123@root
123zxc!@#
12qwaszx
13141314
13879428..
142536
147123
147147
147258
147258369
147369
147852369
159357
163@zq163&
177idc
19840812
19920925
1999
1a2b3c
1a2b3c4d
1a2b3c4d5e
1a2s3d4f
1q2a3z
1q2w3e
1q2w3e4r
1q2w3e4r5t
1q2w3e4r5t6y
1q2w3e4r5t6y7u8i9o
1qasw2
1qaz2ws
1qaz2wsx
1qaz2wsx!@#
1QAZ2wsx
1qaz2wsx1
1qaz2wsx3
1qaz2wsx3edc
1qaz3edc
1qaz3edc5tgb
1qazse4
1qaz@wsx
1qaz@WSX
1qaz@WSX#EDC
1qazXSW@
1qazxsw2
1qazxsw23edc
1qw23e
1q@w#e$r
1w2q3e
1z2x3c
1z2x3c4v
20006916
21vianet
22
222222
2222222222
225588
240101
240107
24011971
24011976
24011977
24011979
24011991
24011995
240120
24012001
24012009
240124
240125
24013
240172
240176
240182
240184
240192
2401taft
24020191
240213aa
24021956
24021972
24021981
24021982
24021998
24022009
24022402
240256
2402626
240281
240282
240288
240291
240294
2402magga
240304
240307
240319
24031963
24031968
24031976
24031977
24032000
24032001
24032005
24032403
24033237
240334
240342
240345
240360
240374
240375
240379
240388
240389
240395
240402
240413
24041959
24041970
24041973
24041976
24041978
24041999
24042000
24042007
24042010
24043
2404315
240452
240454
2404632078
240472
240476
240477
240479
240480
240487
240495
240499
240502
24051960
24051973
24051975
24051978
24051986
24051998
24052009
24052010
240536
240554
240564
240565
240577
240578
240582
240586
240587
240589
240598
240609
24061
24061966
24061976
24061982
24061987
24062003
240656
240660
240667
24067123
240679
240691
240693
2406erick
24070321
240710
24071965
24071966
24071976
24071977
24071981
24071986
24071999
24072006
24072010
240772
240774
240776
240781
24078207
240785
2407893
240790
240792
240801
240803
240804
24081961
24081971
24081973
24081974
24081977
24082008
24084
240856
240863
240872
240881
240884
240887
240892
24089609
240898
240905
240905mp
24091972
24091973
24091974
24091975
24091978
24091983
24091988
24091998
24092409
240948
240954
240959
240969
240974
240992
240nikki
2410
241005
241007
24101
241019
24101955
24101957
24101974
24101977
24101999
241040
241041
24105643
241059
241063
241066
241067
241068
241071
241074
241075
241090
241101
241104
241106
2411121
24111952g
24111967
24111971
24111973
24111974
24111977
24111995
24111997
24112
24112000
24112005
2411554
241165
241168
241171
241172
241177
2411793
241193
241195
2411980
2411988
241199
2411edu
241203
241205
241217
241219
24121952
24121958
24121963
24121970
24121997
24121999
24122002
24122009
24122010
2412216
241241
2412414
241269
2412774
241282
241289
241290
241292
241293
241297
2413133
241316
241325
24133440
241335
24134
241353
24136
241370
2414
241487
2415
241501
241512
24151947
2415319
241536
2415724
241577
24158008790600
2416256
2416277
2416adp
241748
241772
241800
241810
241855
241887
2418bb
2419200899
24192419
241957
241961
241970
241974
241980sathish
24198513
241991
241995
241996
242001
242003
242031
242075
242083
24209211
242100
24211
24211260
24211297
2421171
242123
242129
2421335
242142
242161
242169
2421984
2421998
2422153
242222
24225
2423
242322
24232423
242353
2423732
2423842
242410
242426
24243
242450
24245588
242469
24248686
2424love
242506
24251921
242524
2425247
24252627
242526a
242558
242589
242667
242671
24267champ
2426929
24271901
242721
242727
242738
242775
24277767
242804
242815
2428224784
242829
242831
24284001
242852
24285841tyson
242863
24289687
24293
24295  
24300
243001
2430079
243024
24302430
243030
24311809
243137
243153
243196
2431983
243199
2432106
24321202
2432121
243232795514
24323998
24324
24325
243253
24326
243279
243315
243325
24333
2433432
243373
243377
243389
2434
243413
243444
24345664
24348990
2435
24352530
24354
24354657
243559
243565
243566
2435780
24360
24361
243610
243624
24363658
243639
243664
2437185920
24372437
243733
243737
24379
243812
24382
243827
24382728
24389152
243892
2439
24392
24392439
24398785
2440
2440080334
2440101
2441167
2441342
24416367
244168aa
2441959
2441986
2441989
2441990
2441991
244200
24421
244215
244224
244251
24426
244328
244329
244336
244342
2443424434
2443510
2444339
244442
2444659
24450689
244516
24452445
244546
244552
24456412
2446
244668
2447149
24472
244720b1b2b3
244736
24475432
2448255
2448702c
244876
244888
244959
244*abbott
244hole
245014
24502450
24503508
245077
245089
2451136
24512451
24513
245136
2451673
245185
24519219
2451998
24523
245246
245287
24531
24532453
24533333
245336
2453408
24537mmk
2453usac
24541
245437
245446
2454585
2454ks
24550
245514
245555
245568
245587
24559
245593
245596
2456052
24563
245637
245686
245689
245697
24574328
245761
24581
2458236
245874598
245885
!2#4%6
!2#4%6&
2460
246003
24601d
2461
24615
24615041
246183
24619
24619846
2461995
2462
246241
246248
246284
2463
246328
24634911
24635
246386
246437
246437952
246444
246446
24646066
246463
2465
246501
246514
24652465
246528
246531
246537
246543
246556
246558
246618
2466688
24668513
2466ck
246701
24672467
246759
24676
246800ppl
246802468
2468024680
246808642
2468097531
2468101214161820
2468101215
24681012a
246812
2468135
2468153
24681530
24682
246822
246824682
24683085
246835790
2468369
246852
246855
246859
2468642
24688
24689
2468951
246897
2469099
246917
2469820
24698789
246wer
247010
247069
2470750
2471981
2471984
2471988
2471989
247211
247217
247226
247247247
247252
2472788
2473045
2473237
24732473
24736569
247396
2473bird
2474
247424
24742474
247467
247474
2475
247518216
2476
2476002268
24761
24762476
247628
247667
247697
247729
2478
2478004
247812
24792548
247948
247954
247customer
24802480
24803086
248125
248130
248135
248146
24815744
2481683
24824
248241
2482704
24832483
248335
24836082
2484
24842484
248463
248489
24852485
24855353
248567
248570
248600
24860376
248624862
2486248624
24862580
24862800
248631795
2486357
248652
248657
24866842
248679
248724
24881971
2488566
248862
24897
249094
24912491
249129
249187
2491983
2491988
2491992
24922492
249277
24932493
249356
24937
24937005
2494084
24946910
249478
249554
24960225
24960472
24965
24976438
24976756
249768
249775142
249781
24982498
24984024
249900
24990731
24april
24april2000
24aug1985
24buffy27
24catz
24christ
24cntred
24crsbil
24desember
24edward
24ert
24feb1987
24hardcore24
24hoursaday
24jan1989
24jesus
24juli
24juli1992
24july
24klm101
24kobe
24lakers
24lwjw05
24mac1990
24maret200
24may1988
24may2000
24miked
24nov1982
24october
24octobre
24oyvdg576
24pisces
24roses
24sptm85
24th
24vel986
24west75
24x18bd
25000123
25000191
2500086
2500126
25002500p
25004
25005000
2500abcd
2500fusion
250102
250103
250106
25011967
25011974
25011975
25011979
25011982
25011996
25012006
2501481
250170
250173
250174
250178
250183
250187
250197
250210
25021946
25021962
25021975
25021977
25021978
25021979
25021982
25021994
25021997
25021998
25022001
25022005
250225
250226
2502454
250250250
250261
250267
250275
250278
250281
250283
250294
250299
2502d2e3
25030234
250311
250317
25031968
25031969
25031970
25031975
25031977
25031978
25031980
25031997
25032001
25032009
25032010
250323255
25032503
250345
250371
250378
250382
250383
250388
25038800
250392
250394
250398
250404
250406
250408
25041707
25041967
25041968
25041970
25041978
25041979
25041983
25041998
25042003
25042008
250425
250440250
250459
25046969
250477
250478
250485
250492
250494
250499
250507
25051486
25051966
25051970
25051973
25051977
25051997
25052000
25052001
25052002
25052007
25052010
250542qwer
250554
250563
250570
250576
250598
2505987
2505utpk
250602
250605
250609
250617
25061965
25061970
25061981
25061997
25062009
250624
250632
250658
2506599
250671
250672
250673
250685
250686
250687
250689
250699
2506park
250705n
250708
250719
25071969
25071975
25071976
25071982
25071995
25071997
25071998
25072010
250733
250769
250770
250771
250774
250776
250780
250781
250782
250789
250792
250797
2507976
250798
2507987
250802
25081957
25081965
25081968
25081976
25081979
25081984
25081989
25081998
25082001
25082003
25082005
25082007
25082009
250832281
250847
250863
250868
250869
250870
250877
250882
250885
250890
250891
250892
250897
250904
25090461
250905
25091971
25091976
25091977
25091978
25091983
25091993
25091998
25092000
25092004
25092005
25092007
250955
250975
250977
250979
250981
250991
250992
250995
250gto
250lenovo
2510085
251010
251017
25101839
25101968
25101972
25101978
25101981
25101998
251020
25102003
25102010
251025
251063
251069
251071
251074
251075
251078
251092
251093
251094
2510cp
251105
251111
25111966
25111970
25111971
25111975
25111984
25112000
251130
251165
251166
251176
251178
25117829
251189
251195
251196
251197
2511982
2511989
251202
251203
251209
2512194774
25121960
25121961
25121965
25121974
25121976
25.12.1988
25121996
25121997
25121999
25122000
25122003
25122010
251223
251234
25124
251267
251271
251279
251290
251293
251294
251295
251296
251298
251316
251361
251374
2513888
251405
251412
25142
251424
251483
2514rocky15
251511
251521
251526
251541983
25155358
251555
251582
2515bradfield
251622
251685
251705
251715
251716
25171974
25181746
25182511
25182518
25184799
25190830
251975
251976
251983
25198866
25198866shaun
251989
251996
252002
252011
252031
252068
2521001
252108
252114
252141
2521659
2521989
2522102
252222
252244
25225216
252284
2523
252300
2523960123
2524233
2524446
252449
252452
252498
2524abcd
2524blah
25250000
2525069
252517
252520
252525xx
252528
25253001
25254
2525425
25254545
25254582
25255613
252569
2525776
252580
2525890
25259090
2525922
25259999
252600
252608
252615
252629
252636
2526463969
252676
2526931
2526sh
252718
252728
252745
25276
25280
252802
252812
25285618
252861
252898
252925
252933
25295568
25296
2529clay
2530054
253011
25303
253040
253057
2530652
2530849a
25311
25311623
253194
2531988
2531989
2532
2532051
25322532
253289
25331738
25335170617
253370336
25337957
2534
2534011
253409
2534120
2534172
253420
2535
253521
253525
2535345se
25353777
25356
253562
2536
25361
253620
253623
253625
253649
25373488
253753
2538
253822
25382858
25392539
2540
254000
2540830808
254100
25411304
254123
254123366
25413
254136
2541466
254188
25419
254194
2541972
2541984
2541986
2541991
2541998
2541gh
2542161
254265739
25428
25432543
25436
25443985
2545
254516
25452545
25456585
25464031
25465182
254679
2546973
25470
254712
254725
25472547
25473942
254771
254776
2547795
2548
25481805
25482548
2548666
254870
25488343
254960
254976
254texas
255017
25501751
25506539
255091
2550dell
2551
255100
255117
255122
25514175
255161
2551980
2551986
2551989
2551991
2551996
25520ny
25524
255244
255247
255251
25526
25532553
25541  
255416
255441
255467
2554785
2555
25552002
255552
255555
255580
255581
25560
25563
2556439
25567847
255736
255769
2558
255804
25582558
255831983
2558505
25585360
25586734
2558690
255888
2558967
255907
25591206
25592559
25595
255gnett
2560284
2560625606
256110141
256153
25615672
25615998
25616756
2561839
256194
2561980
2561985
2562
256202
2562040
2562068
25622562
256250
256254789
25626262
2562835
256312
256314
256339
256352
256387
25642422
25646200
2564766379
2564kartal
2564suny
2565
2565121024
25651948
256525
25652565
256548
256558
256598
25660015
256613
256681
2567043
256710
25674644
2567471
2567480
25679
2568
25684
25687121
256890
2569
25692569
256961
256981
2570
25700569
25701
25702
25704
25704436
25705
258258
260310
26031958
26031972
26031975
26031978
26031980
26031992
26032005
26032009
260332
260364
260365
260373
260374
260376
260377
260394
260396
260397
260399
26040
260401
260404
26040ln
26041
260414
26041959
26041968
26041969
26041978
26041984
26041996
26042008
26042010
2604310
260453
260455
260470
260478
260481
260485
260490
260492
260493
260494
260497
260498
260499
260500
260504
260508
260509
2605174d
26051963
26051974
26051975
26051980
26051994
26051996
26052009
260564
260573
260581
26059012
260591
260593
260595
260596
2605lotr
26061957
26061970
26061974
26061975
26061978
26061981
26061998
26062
26062000
26062005
26062009
26062010
26062585
260637430000
260651
260665
260674
260675
260678
260679
260680
260684
260686
260694
260699
2607
260701
260709
260710
26071969
26071974
26071978
26071981
260766
260776
26077777
260779
260786
260790
260792
260793
260796
26080
260802
260811
26081967
26081971
26081976
26081979
2608198
26081981
26081995
26081996
260820
26082002
26082004
260874
260875
260878
26087960
260880
260884
260886
260894
260897
260906
260909
26091978
26091982
26091994
26092000
26092003
260968
260972
260974
260975
260977
260987
260996
261001
261003
261005
261010
261011
26101956
26101957
26101964
26101967
26101971
26101976
26101981
26101996
26101998
26102000
26102001
26102011
261027
2610284
2610297664
2610320201473
261055
261068
261071
261073
261088
2610902610
261092
261094
261099
2610oct
261103
261116
261119
26111971
26111996
26112001
26112002
26112004
26112005
26112010
26112516
26112525
261127
261138
261153
261157
261169
261175
261176
261183
26118986
261191.chy
261192
261193
261197
2611978
2611986
2611989
2611990
26121038
26121969
26121974
2612197788
26121981
26121989159487
26121998
26122004
26122007
26122009
261222
26122520
261226
261245
261270
261272
261276
261280
261282
261283
261284
261288
261290
261291
261297
261299
26133
2613538
2613714
261396
2614
261434
261446
26146
26151043
26152615
261587
26159
261610
26162616
261674
261692
261715
261726
261728
26180
261810
26182618
261910
261914
26196
2619648
261978
261979
261984
26198501
261990
261991
261993
261997
2619akas
262020
262042
2620868
262117
262139
262177
262197yy
2621988
2621991
2621994
2621graham
2622
26222
26223239
262262
2622735
2622976291
2623056
262322548
262381
2624
262400
26241
262425
26242624
262448
262452
2624581
2624xxxx
262513
26252369
262526
262529
2625452
262547
2625762
26258563
2626262626
262627
262628
262630
2626444
26265
262650
262652
262655194
262672
262677
262688
262704257
262714
2627144
2627180
262726
2627282920
2627702
2627889
262810
262825
262826
2628935
262930
262945
2629531
262964
2630548
26307675
2630992
2631
263100
2631219
263139
263161
2632458
2632smnm
26330
263362
2633624
2633789
263388
2634
263503
26352635
26357
263584
263614
263728
263759
2638
26393527
2639404
263946
263956
263f79c3101434612ea3d9f14dc445eb
264019
26402640
26404061
26409412
264186
29md@631
29melto201
29modela
29oktober
29prirkh
29rahayu
29rules
29s9276k
29sept90
29septembe
29sullivan
29sunita
29th
2a0b832c
2a2b2c
2a2b2c2d
2ab3ac
2abc3def
2acresvipingo
2adiooxl
2advanced
2agixrdl
2agosto
2ague9
2aixxjxu
2amazing
2and2is5
2and4is6
2andrew
2android
2anewday
2@a&o7pa(s6d4w$q^m
2aoxdgju
2applebots
2april
2asaas
2assholes
2awake
2axiorll
2b0rn0t2b
2b1a3c
2b2d2haa
2B2MaWtlsC82jZ
2b4got10
2b4him
2b72b508
2b9945ff
2ba03ec002
2bad4you
2badboys
2badcats
2badsosad
2bananas
2base10
2baseball
2bassets
2bd601a
2bdelete
2be1ask1
2be4me
2beeks
2beers
2beloved
2bermuda
2bethere
2bichons
2big4tv
2big4you
2bigballs
2bigears
2bigmac
2bilbo
2birds
2bitch
2bl6rh
2blackcats
2blackdogs
2bloody4u
2blue
2bon2bmdd#00
2bonnmal9
2boobs
2boogers
2bop0510
2bor2b
2bored
2bowling
2boyz4me
2brazil
2breathe
2bro2b
2broadway
2brodie4
2bsingle
2bsweet
2bthebest
2btrue
2bubbles
2burton9
2c730b1
2cag5cag
2canplay
2cats2
2ccu684
2chances
2chardon0
2charlie
2chat4
2cheaters
2chicago
2child
2childre
2chro714
2clever4u
2co517
2coffeebean
2computer
2connect
2cool
2cool4you
2coolguy
2cor1210
2cor129
2corin129
2corinth
2corndog
2corona
2cqn654
2crackme
2crazy4u
2crazy4you
2criado
2crunk4u
2crystal
2cutepups
2d51rd4
2d5w9s12c
2d9u0d4e
2dak3dh.urkp00k
2dancers
2daughte
2ddudiiu
2deabril
2death
2dec1965
2delight
2dgidxdl
2diane
2dicks
2die4u
2diefor
2dimples
2divers
2dixloau
2djuiouu
2dlt153
2dogs3cats
2dogsfucking
2dolphins
2dpl4y
2dplay.com
2dragon2
2dragons
2dridxdi
2dudes
2duiruji
2e0g0o7i
2e2korn
2efilym1
2ellen
2emadraz
2emolove
2enter
2er6ez254
2evilcats
2ewq12000
2ez4u2no
2f4vinc
2fairies
2fashion
2fast2furi
2fast2furious
2fast4
2fast4game
2fast4u2
2fat2fly
2fluf666
2forever
2forget
2fpbg7pc
2friend
2fu
2fuckyou
2funky
2funny
2gco08uq
2georgia
2getmoney
2getsome
2giiddli
2girls1boy
2girls1cup
2gizmo27
2goats
2gold2002
2goldfish
2good2b
2good2btru
2good4u2
2gordon4
2gridddi
2grimm4u
2gxirall
2hack4
2hands
2handsome
2harleys
2@hashnim
2hatchmuta
2hatuna2
2hawaii
2hd144mb
2hearts1love
2heather
2heaven
2hot
2hot4rod
2hot4ya
2hotdogs
2hotmail
2hunters
2hvpe3xi
2hypedman
2hyper4u
2hzx5ays
2iaiuiol
2ifbysea
2ijidigl
2inapod
2iuliana
2j1r1cdr
2j8f3k9d
2j8is53m
2jaiajrl
2jamsess
2januari
2ji8bu5c
2jiiggli
2joints
2jordan3
2josh
2july2002
2justjack
2jxuaxar
2k4lcs94
2k6d6691
2kalesan
2keepout
2kewl4skewl
2khkzqin
2kishaun
2kitty73
2kma3mh496
2knight
2knights
2know
2krazy4u
2krishna
2ktfmwe893
2l2i2l2y
2l82sepr8
2lastdays
2latenow
2ldujjgr
2learn
2leet4u
2lesbians
2ligit2quit
2lilboys
2livecrew
2llj085
2loixoui
2lorenzo2
2loserkids
2love4ever
2loveforus
2lover
2lovers
2loveu
2low4u
2lucky
2lucky4u
2luiirgi
2lunch
2m54fldb
2m9m60m
2maddogs
2manymen
2manysecrets
2matador
2mater
2may1985
2meetppl
2melo
2mewtwo2
2momo9
2monday7
2monkies
2moo4u
2moretimes
2mq97mxc
2mr41h
2MS7MY00
2mstngs
2much4me
2much4you
2muchsex
2music
2musical
2myangel
2myboyz
2mylove28
2myonyx
2n1c
2n9bv5a6
2nasty
2natasha
2naughty
2nb28
2nd*2none*
2ndchild
2ndgen
2ndjuly
2ndkid
2ndparadise
2newbabies
2nhj7ajc
2nmcsw1a
2noble
2nplfmd01
2observe
2october
2ofeach
2ofhearts
2old2care
2olijxoi
2oranges
2oriluai
2oz5k2bvxb
2p2+k2
2pac4ever
2pac4life
2panther
2paper0
2peace
2pencils
2peter
2phones
2piggies
2pimp4u
2pimps
2pink4u
2pkycgy619
2plants
2playis2b
2playu2
2plus2is4
2points
2ppvwbmx
2pratap
2preach
2pretty4u
2princes
2princess
2pumpkins
2q0066gc
2Q1HA309
2q2w2e
2q7p732r
2qazwsxedc
2qoyvaz171
2quick4u
2rainbows
2ratcage
2ravens
2reall
2red5
2rligaoi
2ruidagi
2s2h0o6n95
2s3qqe2
2s83a46p7w
2saibaba8
2samosas
2sassy4u
2savage
2scotchpunch
2seater
2secure4u
2sergey2
2serkada
2serve
2sheena2
2sheep
2simple4u
2slow4me
2smart
2smile
2snowie2
2sparkle
2spirits
2src590
2sunday
2superman
2swords
2t0asty
2taiwan2
2tenx0r2
2thbrush
2the9s
2thegathering
2theworld
2thunder
2tim215
2tim223
2timer
2timothy
2timothy17
2tjnzkm
2tmech65
2tone
2totango
2travel
2tuesday
2tupac
2turbo
2tyalpup8
2ugigjal
2upafter
2urich
2us2hxo345
2usw6f
2v6pbvt
2va24tn926
2vertical
2verysmooth
2w2w2w2w
2w3e5t
2w7u3e5t
2wallace
2wenty4our
2werty
2wertyuio
2whiteroses
2wire132
2wolves2
2wongf00
2words
2worlds
2wsx3edc
2wsx5tgb
2wsx6yhn
2wsxcft6
2wsx#edc
2wsx#EDC
2wsxvfr4
2x1rphvh
2xaialrl
2xasnice
2xd341
2xdijixl
2xfzta2749
2xghye
2xtreme
2yankees
2ysur2ysub
2zc8xfgdc
2zjwy521a
2zrzidf677
30000
30000009
30010
3001030
300107
30011965
30011977
30011978
30011994
30012009
300151
300160
300164
300169
300178
300180
300184
300197
300198
300200004
300209
300222
30030
300301
300303
30031973
30031976
30031983
30031992
30031998
30032000
30032006
30032007
30032008
30032009
300334
300355
300360
300364
30038
300385
300388
300391
300392
300395
300396
3003love
300400500
30040809
30041965
30041977
30041979
30041982
30041983
30041996
30041998
30042001
30042002
30042004
30042007
30042009
300434
30.045
300478
30048
30048230
300483
300489
300493245
300498
300503
300506
300507
3005153
30051968
30051969
30052000
30052004
30052005
30052008
30052010
300566
300568
300571
300576
300580
300583
300586
300587ap
3005881551
300590
300593
300594
300597
300598
300600
30060036
300603
300613
30061960
30061970
30061977
30061978
30061979
30062007
30062009
300638
300653
300666sa
300667
300677
300683
300692
300700
300704
300709
30071967
30071976
30071979
30071980
30071981
30071982
30071993
300772
300775
300782
300783
300785
300788
300791
300793
3007982500007
30081977
30081983
30081985
30081994ma
30083
30085
300850
300860
300869
300870
300877
300879
300882
300895
300897
300904
300905
30091959
30091964
30091971
30091977
30091981
30092000
30092004
30092010
30093009
30094
300969
300995
300996
300bowler
300feet
300whp
301007
30101967
30101970
30101975
30101976
30102010
30103010
301031
301035
30106
301061
301072
30109
301095
301100
301109
30111976
30111980
30111999
30112001
3011215
301156
30117
301174
301182
301195
301198
3011992
3012000
301201
30120304
301204
30121968
30121974
30121975
30122000
30122001
30122008
301230
301234
30125
3012624013
301270
301275
301278
301279
3012841268
301289
3012abp
3013
301301301
3013252
30137
30138
3014
30141
301412
301415
301415926
30147
301479
3014954951
301506
301515
301603
30161
301638
30168
30170
30171
30172029
301725
30179
30184
3018548
30187
3019
30191
301941
301981
301982
301987
301summer
302003
302028
302037
3021
302106
302154
302180
3021992
30223
302252
302255
302279
3022jmj
30230
302304
30233
30233023
30236
30248271
302520
302530
302532
3026022650
3026176599
3027
302721
30273
30273027
30274
30276
3027768
302784
30280
302851dt
30290
302933
3029409333
302stang
303011
303013
30301919
30301985
303022
30303215752
30305758
3030m60
3031
303100
30311
303112
303124
303127773
30313233
303141
3031980
3031983
30319830
3031986
3031987
3031994
303203
303210
3032211
303242
30326
30327
30332
303364
303408
30342
303435
3034408
30346
303525
303555
3035644769
3035csac
303614
303677
30368
303702
3037426
3038
303824
30384
30392
30395
30396
3040
30401
30405060
3040552
3040621
3040camaro
3040trman
304123
30417
3041991
30427
304378
304496
3045979
30480
30486
3050
305007
3050221
30513-00
3051492
30519870
3051989
3051991
3051993
3051996
30529
30531
3054010409
30541300
30543054
305444
30547
30549806
3055374
30558
305580
305600
30565
30568
3058072979
30585
30587
3059
305912
305r305
3060
30600
30601
306030
30603060
30607
3061811
3061982
3061985
3062007
3062319
30624300
30624694
30628
3063125
30639
30643064
30646
30663066
306725
30673
30683068
30689
306frbo
30701
30705
30708104055
307117
3071988
3072
307210
30729893050
30740
30741
30752
30755
3079
3080
30803
308042985
30817
30818840
3081974f
3081978
3081988
3081990
3081994
3082
3082007
3082566
30828
30830
308302
308412311
308538
30863086
308753
30880
3089
30898
30901
309011
3090351
309050
309060
3091990
3092
3092003
3092319
309309309
30932184
309335
3094
30941
309411
309548
30965
309780
309855
309900
30993099
309963
30august
30bdwy
30calvert
30f8c2ab
30jan1992
30janjul
30july
30june
30maggio
30may1985
30million
30modela
30october
30sep1997
30silver
30years
310013
310018
31009
310101
310102
310104
31010963
31011973
31011976
31011984
31011993
31015
310154
310156
310164
310169
310178
310179
310180
310182
310188
310193
3101973345
3101976
310198
3101982
3101983
31019844703
3101986
3101989
31019911
3101993s
3101gkl
31021
310216
310225
31023
3102966
31030
310309
31031972
31031975
31031976
31031979
31031981
31031993
31032003
310354
310367
310381
310383
310384
310385
31039
310393
310400
310405
31041
31043104
3104316
31045893
31051956
31051969
31051992
31051994r
31051999
31052009
310565
310569
31057
310574
31058
310580
310583
310587
310595
31061991
310629
31063106
310692
31070
310702
3107031070
310704
31071974
31071977
31071978
31072007
31072009
31073107
31074
310766
310768
310772
310777
310779
310783
310784
310791
310792
3108
310809
31081951
31081957
31081964
31081970
31081971
31081980
31081988bd
31081992
31082000
310826
310829
310857
310860
31087
310870
310872
310875
310878
310879
310880
310881
310882
310883
310894
31089996
31090
31091
31098
310993
310toyuma
311001
31101966
31101970
31101973
31101975
31101977
31101978
31101979
31.10.1987
31101998
31102008
311056
3110606
311061
311069
311073
311075
311080
311085
311086
311087
311093
311095
311097
311098
311113
31111584
31112
31113111
311168
3111983
3111986
31119862
3111987
3111990
3111993
3111997
3111998
3111999
3112004
311202525
311203
311208
3112191219
31121960
311219912
31121998
31122
31122002
31122004
31122005
31123112
311248
311252
311253
311258
311276
311282
311282fatu
311290
311294
311299
311312
3113159357
311322
311328
311358
3113604400000
311430
31143114
311466733
3115
3115530x
3116
311700
311720
31172815
31173
31177
311784
31179
3118
31191
31192
311928
311978
311979
311980
311985
311988
31198979
311992
311996
311inla
311rocks
312004
31201
31201531
3120555
31208
312102495
31211
312121
31217221027711
312181
3122019
312204
312206
312217
3122407
312254
312255
312320  
312331
312353
312407
31241
312426
3124vcvc
312500
31254
312567
312589diwa
31259
312626468
31263126
312645
312700
312707
31271
31276
312776
312784727
31278698
312800
31280000
312824865
3128250
31283128
3129
312913
31292
312927
312938
31298
3129win2
312gsr3k61
312oak
3130
31301130
3130444
313089
3130x2
313107
313141
313168510
3131981
3131983
3132
313200
313243
313253132
313265
31328
313300
313322
3133229036
31335479
313356
313370
313373
3133731337
3133746
313377
31337x
31342
313420
313456
313502
3135134162
3135635
3136
313631
31363136
313635
31369261
313727
313731
313748
31380
313859
3138760
313921006
313922
31393139
313980
313989
313detroit
313kp6
314000
314016
314116
31411858
3141531415
31415926
3.1415926
314159262a
3.14159265
31415926535897
3.14159265358979
3.14159265359
31415926a
314159a
3,14159e+12
3,14159e+13
3.14159pi
31415arc
3141984
3141pirad
3142
314200
314226
31423142
314262
31426612
31433143
314422ah
314450331
314513
314590
314615
314618174
31476
314ana
314aughat
314pipipi
314stl
31503150
3151
315161
315165
31519880
3151993
3151997
315226
315287
3153
315317
315359
31551715
315531
315545400
315572
315609
315640
315646
315666
315671
315733
315777
315779
315790
315820
315888
315895989
315920
315942458
31596215
31598011
315997
315gracepark
3160305
316101
3161043
31611155
316115
316129
3161985
316205
316268
316294
3163262
316381
316403aa
3164978520
31649928
316592
316604
316619
3166218i
316631
31680
31683168
3169
316931
316942457
316john
316onward
316wwf
31701
3170685
3170717
317122
317136
317154
317186
3171969
3171989
31720
31720646
317212
317318
317365
31739
317410
31750
317502
31756
317569
3176
317654
31768
3176njhew68
317718
317731
31779
31784
31791
31792
31793179
31798
31800000
3180793
31808
3181984
3181989
3181993
3181996
3182405s
3182597908
31830
318313
318354
318400
318442985
318472
3185264p
31853185
318544
318569
318601
318698
3187
31893189
31897
319033
31907-20
319156
319197
319211
31933193
31943  
31946007
319499
31950
319623152
31968
319710
319741
31975264
3198
!@#321
321!@#
321321
33
3,30582e+11
33333
333333
33333333
3.5.1992
357159
369258
369333
369666
369789
3.8.88
3edc#EDC
3edcxsw21qaz
4020
40202
402030
40204
402040
40207
402131
40217
40220
40222
40224022
4023
40235894
402422
40245
402479
402500
4026
4027
40272
402769
4028
40282420
40291
40295  
403096
4031
403112
4031493
40318143
4031979
4031991
4032
403235043
40334033
403403
403404
403408
403435
40370
40377
40379
40380
4039
40397
40401
404011
404016
4040club
40411
40414243
4041424344
4041986
4041989
404211
40424042
4044
404406
404419
40447
4045197624
40454045
404575
4046361xyz
40471212
404comcast
404error
4050405
40504050
4051963
405268772
40551301
40554055
405555
405678
40574057
40583
405901
405evine
4061
406182
4061986
4062
4062454
406318
40657
406593
406613
40664692
40679
4070
407020
40707
4071505
4071681
4071979
407263
40729
40738762
40741
407517tj
40759
407619
40764076
407695
4077
40775
40806
40812
40814
4081985
4081993
4082
4083103
4084
408408
408500
4087525
40884088
40892
409030
409078
4090rah
4091
40918
4092
40927
4093132407
40937040
4096
40964096
40980
40984  
409904
409clean
40a9b913281f9d95126f71e76d2df38a
40acres
40bago20
40bees
40elmwood
40four
40gjkwhb
40licks
40lovelynx
40rounds
40sand9s
40th
40volvo
40xmax23
410000
410095
410103
410123
410183523
410184
4101963
4101978
4101986
41019877
4101988
4102110
410300
41031
410325
410410410
41042
410525
41056
410761
41080
4108042364
410810
41081773
41085
410887
41089271
410asm
4110105
411017
41104110
41110
41111111
4111987
4111991
411200
411227
41124112
411421
411423
411441
411454
411458
41149
41149512
4114hesa
411519
41152263
411580
41169
41174117
4118
4118018
411826
41190587
411911
411949
411996
41201948
41202107
41203951
41204120
41206
412134
41215
41215h
4121714
412194
4121974
4121988
412214
41223504
41224122
412300
4123423414
4123456
412365
412369
412425
412516
4125412
41255236
41261
4126199
41264126
412647
412685
4126ed
412726
412727
41274127
41276565
41280
412829
41284128
41287
412891
412933
41295lwf
412passaic
413028
413071
4131
4131025
41311320
4131973
4131997
4132
41322
413222
413241
4133711
41339
4135
413522
41354135
413546
413571
4135rbgg
413625
41364136
41369
413706
413771
413824
413835
413913110
4140
414009
41401
41401384
41410566
414106
41413182
41414848
41416094
414200
41422
4142232945
414224
414327
4144062588henr
414414
414539
414574
4145alex
414621
41465
4146988
4147
41474147
414756
41476
41477
41484100
415032
415100
41510boo
41510oak
4151236759
4151983
4152
41526374
415265
41526970
415300
4154128
415415415
415422
4155
41552049
41552930
41554155
415587357
4156
415612
415622
415639356
41564156
415677193
415681
415748
415819
41584158
415867
41589
416169
416181
4162253487
4162711111
41634163
4164
416416416
4164385062
41644164
4165166299
416517
416641
41670
416716
416752
41685
416896
416jc416
417078
417079
4171
417100
4171994
417331
417369
417472
41754175
41762525
417664
417732
417785
4178
41791
417944
418000
418012
4181
4182
41822
41824182
418304
418313993
41834183
41844184
418454
4185
4186114
4187
41881325
418871
4189
419005
41904
419080
41914191
419239
419321
419400
419622
41972510
41978007
419803
41984198
41985
419-868-
4199033
419911
419959
41gold2
41m4iv
41s65a42tv
41st
42000
420013
42002
42011
420123
420166
42018080
4201991
4202
42020
420202
420247365
4203
420311
42042000
42042069
420420mb
420421
42044204
4204517
42055
420555
4206
420602
42066
4206969
420700
420742
42078192
42085
42089jmt
420911
42092110
42098
420allday
420belmont
420bud
420dank
420dude
420forever
420forlife
420love
420man
420money
420ninja
420rules
421023
421030
42104
42104210
4210599616
4210661a
4210831982
4210loch
4210raha
421100
421102421102
421111
42114211
421166
4211978
421200
421212
421256789
4213
421303
42134
421361
42139
4215764
4216
421617
42162425
4216254162
42163
42164
421700
4217099
421714
42174217
4217452
42184880
42186
42188
421968
421980
421984
421989
421990
421997
422007
42206
4221
42210
4221556
422159
422382
422415
422433
422445ma
422456
422622
42264226
4227435
42276
422795
4227olivia
4228
4228483
4228496
422874
422931
42295
422955
42296
42298aja
423000
423021
4231012
4231192
4231997
4232370
42330
4233173
42334233
42348
42348101
42354235
423599
423611
423682
42374237
423766
42384238
423891
42398
42399324
424000
424037
4241
424140
42414241
424200
424249
42425
424265
42431
4243137
424392
42442
42443517
424464
42454  
424556
4246221
424626
42474247
424778
4248267
424827
424977
424978
424f42010
4251
4251055
4251pull
4252
42524252
425250
425285
4253
42530
425307
42554255
425572
425700
425755
425777
42579ams
425931
425j0vel69
42604260
426099
42614261
4261758
4261998
42624262
4262abcd
42633
426383
42642
42644264
42646
426476834
426487
426496
4265
42663
42664266
4266492
42668
4267hans
426800
426815
426828
426846
42685
42688
42688624
4269
4269ft
427000
42704270
4271
427100
4271103
42714271
4271a7
4272446
427311
42734273
4273545
427447
427465
42748
4275
427501
427518
427532
42754
42757nfki7
427625
42765315
4276750
4276la
4277
427785
427800
427936
42794279
42798
42804280
428231
4282678
428347
42844284
428450
428539
42854285
428585
428771
42886270
428942
42898
429001
4290124
429123
4292538
429274
42944294
429539
42972282
429849
429856
4299
42993
429971
429dale
42fsvayx
42itous
42nate
42nd
42p44857mz
42srijyothi
42yafja
430030
430048
430071
430111
4301439
43019
430191nk
4301990
43034303
43056
43062
43074
430746
43076
4308062
4309
43095
431001
4310013
431016
43104310
4311
431112
4311120
43114311
43118073
431187
43119
4312057
43130ltk
431318
43132
431320
4313441
4314018
43144314
4314486
431517
4316053
431628
43164316
43184318
4318506
431896
431976
431980
431982
431984
431986000
431988
43202
43206
43210000
43211
432127
432141
432143
43214321321
43215
432189
4321asdf
43221
43223
43224322
43228
43232
43233
43241
43241988
4324512
4324845
43249
43253810
43254325
432553
432572
432731
43278638
43289027
43289489
4329
432934
432974
4329944
4330
433023
43304330
4331
43310201
43312844
433143
43314331
4331526
4331818
433294
4333
433300
43333
43334333
4334013
433433
4334896116984334
433756
433900
43420
434200
434208
43433
434342
434355
4344200
434434
434443
43449
434559
43464346
4346674
43484348
434nathelav
43501289
43502
43504350
4351
43517
4352303
43524352
4352499
4353
43534
435363
435435
43544354
43545
43554355
435561986
43558-96
43564
435659
43571
43574357
435782
4358125
43604
43606
43612
43614361
4361491
43615
436210
43623211
436317
436372
436378
4364364
43644364
43646941
436600
43676
43684368
43697
4370
4371131
4371258
43725
43729153
4373
43730
4373426
437391
4373rnu5
43744
4375
4375011
43758
437598
437777
437995
4380861
4382
4384
4386408
4386423
4387101
438797
4388
439158
439272
43933tig
43934393
439439
43982
439830122
439eirs
43borrek
43do4lr
43garnets
43sonas
43sweety
43t5co7794
43v3rl0v3
44001
440022
440024
44011
440183
440220
44024
44034300
44035
44038812
44041
44056
44065
44067
4406pack
44070
44071174
44077
44089
4409
44090
44092
44094409
440magnum
440mopar
440sixpack
44101
44106818
44109
441100
44110084
44111
441123
441146
4411887
44120alan
441212
44124
44125
441250
44127099-2
44129
441321
44133
441354
44140
44141
441543
441587
441626
4417
44171917
44181
441824
44184418
44194419
4419478
441957
441977
441981
441983
441984
441989
441992
441993
44204420
442211
442267
442297
44230
44233
44234
442352
442442
442444
4425133
44254
4425681
44262
4426262
44272sux
4427668
4427944
44284428
44294429
4429552
44297556
443005087
44310
44312
44314
44318
443180
4432
443200
4432963
4433
44332
443321
4433221
443355
4434
44340
443400
44340142
44342
44342414
443443
443448
4435
443536
44364436
443666
4437522
443774
443888
443899
443909
443995
443agd33
444$$$
44404440
44408
44410
444111
44412777
4442
444312
444334
4444
44441
44441111
44443
444441
444444
4444444446
4444455555
44445
44446
4444666666
44449999
4444frog
4445
44453
44454
444544
44455
44455522j
4445556666
44455677
44470
44477788
4448
4448090
44485
444856
444999
444cool444
4450
4450201
44504450
4450844508
4451
445122
445163599
4452000
445211
4453
4454
445452
445456
445491
445512
445522
44552211
44552266
44556
4455665434
445566a
445589
44559412
4456123
445644
44566744
44574457
445752
4458442
445pro
4460
44601
44606
4461
44613
446144
4461741
44618
4462
446213
44624462
44624678
44627  
44632
44647
446514
44651635
44653624
44654465
446655
44667788
44667799
44668899
446725
446744
44676065
4467711
44679321
4468
4469210
446991
446anni
4470003
44704646
447048
44705
44706
44710
44714471
447191
447215
447256
44735
44737
4474
44744474
447447
447485
44754475
447755
4477755
447799
44784478
44785
447879
4479
4479466
447969
447ed5
448000
44802493
4480620
448096
44811
44814481
4482
44820
448374
4483741608
448379
44840102
4484578
448508
44854485
448546
44857
4486
448619
4486260
44864486
448774
4488256
448866
44894489
449000
44901496e
44903
4490700152
44911775
449143
449404
44941528
449449
4496
44960
4497
44983927
4499
449911
449944
44999209
44accord
44bball
44chaft
44chan
44coates
44gatti
44gatti44
44gyro65
44magi90ki
44rose
44ryudo
44schaap44
44th
450013
45003900
4500546
450100
4501033
4501058
450143
45014501
450155
450166055
450168257
45018796
45024502
450298
450330
450331
45038620
450464
45050
4505096
45056
4505783
4506
450619
45066
45066554
450776
4508
45081234
45081993
450hp
450r
450splash
4511
451125
45112535
451143
45118
45118rrr
4512
451200
45123
451263
451266
45128399
451328
45133
45134513
4514
451404
451451
451452
451524
451545
45154515
45157
45167
451731
45176
45181016
451926
45194519
451955
451970
451972
451978
451980
4519842008
451988
451990
451993
451996
452006
452010
452017
452088
45209
452100
452111
4521345213
452136
452145
452211221
45221130
452233
452332
45233-43
452351
45237
452378
45238
45243
452432
4524518
4525
452502
45251
452523
452564
4525hjk
4526
452678
452687
452700
45285245
45287
45294
452995
45308
45309
453100
453124
45314
45315stormy
45321
45324532
453249201
4533
45332
45333
45336
45341
45344534
453453
453453453
45346
45356
45359
45360
453600
45374537
45377
45382
45382755
453880alex
45390
45394539
4539461
453977
454111
45414541fj
454222
454242
45429
45430
4543190
454370
454378
45440-37
4544096
4544126
454484
4545123
45452025
454545
45454590
45456
454562
454567
45456964
454576
4545945
4545aa
4546
454616
45464546
4546474849
4546caoniba
454813
454870
45490
454994
454casull
4550515
45512mb13
455145
45514551
455169111
45517647
455180
45529571
455312
455453
4555191
45554555
45555
4556
45563890
45565  
455655
455697
45574557
455829
45588
4559
455947
455951001
4559695
455hole
455rocket
!@#456
4560
456007
456067
45608520
456100
45610044
456101
45612
456120
456122
456123
4561237
456123987
456123a
45613
456139
45615987
456177
4561etre
456222
4562250
456231
456239
45624562
45625800
456258147
45628
456289
456292
45629362
456321000
456321123
456321987
456331
456351
47JngGTYy5hcq
4rfv$RFV
5201314
54321
555555
5555555
56343201
567%^&
!@#$5678
5878973
5tgb6yhn
654123
6543
65432!
654321
666
666666
!@#$%67890
708090
74108520
741852
7418529630
7766554433
77777777
789369
789456
7895123
789654123
789789
7hur@y@t3am$#@!(*(
7x24.com
7x24idc
85165271
8812345
88123456
888888
88888888
9023
909090
9141014
9.31E+11
95289528
963852
963852741
963963369
986688
98765!
987654321
991144aaa
999999999
a123456
a123456!
a1234567
a123456a
a123654
a1b2c3d4
a1b2c3d4e5
a1s2d3f4
a654321
aa123456
Aa123456
aaa
aaa111
aaa123
aaaaaa
aabbcc
abc123
!@#abc123
abc-123
abc@123
abc123!
abc123!@#
Abc123
Abc@123
abc1234
abc123456
abc@123456
abc1234567
abc123456789
abcd@123
abcd1234
abcd-1234
Abcd1234
abcd123456
abcd369
abcdabcd
abcdefghijklm
acme
ad123456
admian
admin
!@#admin
admin_!@#
admin!
admin!!@@##
admin!@#
admin!@#$%^&
Admin
admin001
admin1
admin123
admin_123
admin!@#123
admin@123
admin123!@#
admin123$%^
admin123#
Admin123
Admin@123
Admin123!
Admin123!@#
admin1234
admin12342234
admin12345
admin123456
admin123456#
Admin123456
admin1234567
admin12345678
admin123456789
admin1981
admin2
admin789
admin888
admin9
admin911
adminadmin
admin@admin
administrator
adminpass
agesci
ajiangwangluo
alexhack
allegretto
alpin
alpine
alpinea
amigo
anawebas
angel
angel123
anna
anonymous
ans#150
apple
aq!@#
arena123
arenna
areonknight
arepa
ares13
ares2007
ares603
aresares
aretas
arete001
aretnap
areuloveme
arevalo1
arewa910
arey33759
areyouin
areyousure
areyuke
arfa0001
arfarfarf
arfenn1
arfiandi
arfwqski
arg1219
arg3162
argante
argeles
argelfraster
argenta123
argentan
argentina00
argentina123
argentino
argentum
argerich
argh1031
arghakhanchi
arghya
arginine
argnine
argo1000
argo1234
argon6798
argonath
argonautas
Argonne
argos1
argosy06
argot
arguable
argumento
argus1
argus7
argusfour
argybargy
argyle1
arhanbhai
arhitect
arhsak
ari1234
ari98
ariadna1
ariadne3
ariagio
ariagiovanni
arian21
ariana02
ariana05
ariana11
ariana12
ariana123
ariana16
ariana21
ariana3
ariana99
arianasharon
Arianda
ariane22
ariani
arianita
arianna03
arianna07
arianna09
arianna99
ariannah1
arianrhod
Arianthe
arianwen
aribeiro
aribowo
aricat
arid
aridathi
aridel
arief1997
ariefyn
Arieh
ariel1234
ariel13
ariel14
arunlalla
arunmadhy
arunmathew
arunmca
arunml
arunmozhi
arunnivas
arunpavi
arunprasath
arunrajjj
arunsamy
arunsd
arunsing
arunsirf
arunsiva
arunsuguna
arunvarun
arunya
arup123
arupadai
arupriya
arusha98
aruvikkara
arvada
Arvid
arvid1
arvie
arvin22
arvind1213
arvind4
arvindamgain
arvindkuma
arvores
arvydas1
arwa74
arwana
arwana99
arween
ary007
arya123
arya1956
arya1992
arya2003
arya28
aryaayush
aryababy
aryadi
aryajang
aryakutty
aryal
aryamaan
aryan0
aryan@007
aryan07
aryan143
aryan2000
aryan2001
aryan2008
aryananand
aryanaryan
aryanifitr
aryanlove
aryanlovesmoni
aryann
aryanneha
aryanraj
aryanrocks
aryans85
aryansah
aryansingh
aryasoft
aryati1987
aryavrat
Arye
aryhanna
aryskeanu
arystoteles
arytzam
arzachel
arzamas16
as017620
as061582
as11
as1111
as1217
as123456as
as141
as147852
as159951
as1985
as1991
as1996
as1utnw717
as2005
as2512
as2d3f4
as3112
as32ussh
as34
as416796
as456123
as4692
as5200
as525307as
as57
as6078
as65sd54
as811019
as90
as92143
as9q34yui
asa1
asa1234567
asa858
asa871984
asaad112
asaana
asaasaasa
asabari
asad12
asada
asadaf
asadas
asadaung
asadawqqe1
asadaziz
asadiqbal
asadpassword
asadullah1
asaf0607
asafdtra66
asafoetida
asagohan
asahel12
asaka
asakanaman
asakapa1
asakapa123
asakeri
asakura21
asal2lan
asalafiyah
asalamuala
asalanji
asalasal
asales
asaliah
asaljadi
asaltebak
asalways
asam54
asamaa
asambhav
asamjawa
asammanizt
asanchez
asang
asanka12
asansol123
asantewaa
asanti
asap2000
asaranya
asare123
asas12@
asas123
asas76
asas88
asasah
asasas
asasas55
asasasd
asasdf
asasqw
asassin
asatech
asatru
asavari
asawa
asawako09
asawari
asbell
asbury123
asc123
asc1982
ascanko131
ascasc
ascascasc
asce1852
ascencio
ascg10
ascher
ascii
asclepios
asclepius
ascona1
ascot
ascoteer
ascott
ascs0904
ascy9xua
asd001
ASD123!
asd12345
asd123456
asd789456
asdasd
asdasdasd
asdf
asdf1234
Asdf1234
Asdf13579#
asdfasdf
asdfg
asdfgh
asdfghjkl
as;dlfkgjh
asdqwe
ashanti78
ashanti789
asharaf
asharafa
asharao27
asharp77
ashash1
ashash2
ashasharma
ashaskar
ashasp
ashawo
ashayash
ashaye
ashben
ashbourne
ashbringer
ashbrook
ashbrook1
ashbybus
ashcrimson
ashdeeee
ashdod
ashdon
ashearer
asheashe
asheley
asheley1
ashendra
asher01
asher07
asher2004
asherah
asheron1
ashes05
ashes1
ashes123
ashes9
ashesh
asheville1
ashfak4
ashfaq11
ashford1
ashful10
Ashguy
ashi
ashidawati
ashido
ashieman03
ashika
ashima2000
ashin123
ashine
ashionantasy
ashiq
ashira
ashirmon
ashis009
ashish1
ashish10
ashish12345
ashish16
ashish18
ashish1980
ashish2008
ashish321
ashish93
ashishkunal
ashishlal
ashishsareen
ashishshar
ashiskumar
ashisthebest
ashitha7
ashiyana04
ashkal
ashkan
ashkee
ashkenazi
ashkenazy
ashkey
ashkofe
ashkun
ashl33
ashl8427
ashlee02
ashlee07
ashlee10
ashlee12
ashlee14
ashlee2
ashlee25
ashlee77
ashlee92
ashleen
ashlei
ashleigh01
ashleigh11
ashley0
ashley1111
ashley143
ashley1458
ashley17
ashley19
ashley1977
ashley1981
ashley1983
ashley1998
ashley2000
ashley2010
ashley31
ashley415
ashley43
ashley44
ashley45
ashley62
ashley79
ashley819
ashley92
ashley97
ashleya
ashleybrooke
ashleyc
ashleyj
ashleyjean
ashleymarie
ashleymay
ashleynoelle
ashley.t
ashleyv
ashleyw
ashleywinc
ashli123
ashlie
ashlie1
ashlie15
ashlmac85
ashlyn01
ashlyn07
ashlyn11
ashman2
ashmiles
ashmit
ashmon
ashnic
ashodashod
ashok007
ashok06
ashok123456
ashok143
ashok1981
ashok1982
ashokaaa
ashokashok
ashokbabu
ashokgoyal
ashok@infosys
ashokjain
ashokm
ashokmail
ashokmca
ashokp
ashokraviraj
ashokreddy
ashoksoni
ashokverma
ashore
ashraff
ashreena
ashril2807
ashrita
ashrocks
ashrockz
ashroufi12
ashrox
ashtabula
ashtachemma
ashtavarana
ashtavinayak
ashton01
ashton03
ashton04
ashton07
ashton09
ashton11
ashton17
ashton21
ashton24
ashton3
ashton68
ashton78
ashton88
ashtree
ashtri
ashtrid1234
ashu@123
ashu143
ashu_1982
ashu1988
ashu1990
ashu2001
ashu2010
ashu333
ashu93
ashuashu1
ashubaba
ashu.com
ashugeet
ashujain
ashukhan
ashukhan1989
ashulover
ashuloves
ashumanage
ashumonu
ashun
ashunishu
ashurai
ashuraj
ashurov96daniel
ashushona
ashusonu
ashusu
ashusubodh
ashutosh12
ashutosh123
ashwam
ashwanii
ashwanikum
ashwin01
ashwin11
ashwin@123
ashwin86
ashwinashwin
ashwinder
ashwinee
ashwing
ashwini007
ashwini1
ashwini@123
ashwinig
ashwinis
ashwink
ashwinrulz
ashy
ashyjj123
asterisk
avonline
a_wa39
azarazar
azarbhaija
azariah
azariah10
azaruddin
azarudeen
azawakh69
azaz09
azaz0909
azaz123
azaz1234
azazaz1
azazazaz12
azbaku84
azbsaleh
azc
azcxyb7
azd4x
azdcgb
aze
aze789
azeem321
azeemu
azeez123
azeez1984
azeite
azeite77
azepise4
azerath
azerbaijan1
azerbaycan
azereth1
azeroth99
AZERRA
azert10
azert123
azert789
azerty0
azerty02
azerty12345
azerty1235
azerty17
azerty200
azerty2011
azerty21
azerty23
azerty28
azerty33
azerty35
azerty45
azerty59
azerty6
azerty76
azerty93
azerty99
azertyuiop0
azetos
azglsbling31
azhar786
azharazhar
azharina
azhomes1
azhqxpaz
azia1016
azianboi
aziano
azicohos
azimio
azimmon
aziyah
aziz2006
aziza
aziza1
aziza123
azizam
azizan
azizgagap
aziztini
aziz.uddin
azizul
azman
azman21027
azmanazrul
azmath
azmina9125
aznabi
aznable
aznatsoc
aznboi1
aznboy
azncutie
aznlove
azolinka
azor
azoronye
azp1234
azqazq
azrael911
azrael99
azrammir
azreen
azreennur
azrina
azrouth22
azs1mlamer
azsazs123
azsqwx
azsx1234
azsxdc14
azsxdcfv8002
azsxdcfvgbhnjmk,l
aztec1
aztreonam
azuhase1
azukap
azul123
azul1234
azul12345
azul1972
azul23
azul32
azulcielo
azulmarino
azuma
azuolas
azura
azuran
azurite
azxazx
azxcvb
azxs
azxsdcvf
azxsdcvfgb
azxsdcvfgbnh
azxsdcvfgbnhjm
azza
azzahraa
azzara
azzhoe
azzkikr
azzole
azzuri
azzurra3
azzzzzza
b00000
b000000
b00202329
b00b1es
b00bear
b00fycat
b00gal00
b00gies
b00kmark
b00kworm
b00m3r
b00merang
b00mstick
b00mt0wn
b00nany
b00say88
b00tcamp
b00ters
b00tl3g
b00tleg
b00tymaster
b00zer
b0110x
b01858a09
b033188
b04civic
b053288369
b0894640
b0ae6y7
b0anerges
b0b
b0baf3tt
b0bafett
b0bble
b0bbyd
b0bd0bbs
b0bd0l3
b0bedoso
b0biscool
B0BLE54
b0c0nne11
b0ddah
B0dR3X
b0eing
b0gf0dm47
b0ggl3
b0gr0ll1
b0h3m1an
b0hem0th
b0hem1an
b0hica
b0i6url
b0j1k0
b0l0gna
b0ldish
b0ling0s
b0ll0ck5
b0llocks
b0mbur
b0n3h3ad
b0ndgirl
b0ner5
b0ners
b0ng0lia
b0ngerman
b0nit0
b0omstick
b0r0m1r
B0r15
b0rab0ra
b0rea1is
b0ssman
b0ston
b0tswana
b0ttlecap
b0unce
b0uncer
b0wling
b0xing
b1003
b1012818
b10hazard
b111111
b113a34c
b11716759
b12
b16delta
b17971797
b17fly
b17hyl3x
b182bscj
b1875db1
b18cxe
b18pav
b19790219
b1ackberry
b1ackg0d
b1ackkim
b1ahb1ah
b1b1b1b1
b1b2b3b4
b1b2b3b4b5
b1beh74b
b1cycle
b1dgoe67
b1e1n1ben
b1gbl0ck
b1gboobs
b1gboy
b1gd0g
b1gd1ck
b1gdaddy
b1ggles
b1gman
b1ll10n
b1ll1e
b1llabong
b1mmer
b1n2m3
b1ner446
b1ng1234
b1nt4n9
b1nt4ng
b1o2b3
b1r1ch0u
b1rdh0use
b1scu1ts
b1sk1t
b1sm1l4h
b1tch
b1tch3s
b1tches
b1teme
b1th2b3st
b1u3m00n
b217953
b21975
b25269
b25802580
b27jk89
B2a63F
b2b2b2b2
b2btrade
b2e9s7s3
b2future
b2k4life
B30BXYJ
b311098
b33fcake
b33mer
b33per
b33r
b33rb33r
b33risg00d
b33tl3
b33vis
b3659873
b395759
b3aner
b3aut1ful
b3autiful
b3gb5e
b3h0ld3r
b3h3moth
b3k7xc30
b3l0v3d
b3l33t
b3lgarath
b3n3v0l3nc3
b3nb72mc
b3nd3r
b3nesra
b3nf0lds
b3njb34r
b3nji685930
b3nningt0n
b3p00043
b3r4ol54
b3rlin
b3rrys3xy
b3rs3rk3r
b3str0ng
b3war3
b456789
b45t4rd
b4729l50
b4andafter
b4bydin0
b4g0ngb4b1
b4l1kp4p4n
b4l5e6
b4n44n
b4n4n4$
b4nk4i
b4nt3nku
b4nyum4s
b4rb4r4
b4tabz
b4tc4v3
b4ttl3b0t
b4ugo2bed
b4uimhere
b4v031qa
b4warned
B4xbmn
b5376127
b55555
b5832004
b5ts473
b61dp3rhh
b63950068
b654321
b6b4g3
b6p6xi
b6passat
b737200
b737-700
b7536n
b75zewub
b76xeekg
b771f2d9
b7777777
b77b
b7tmia55
b81183
b82rez
b8364118
b8384777
b8628943
b870603
b8afc1de
b8b874d253
b8chf3ld
b8ihso
b8ptocl112
b8rzn3tmwr
b8vksv8879
b8z6o9
b92hxjan
b9344144
b9589cd2
b9b9b9
ba061664
ba0815quan
ba121098
ba1724
ba173y
ba1976
ba2607
ba3w879j
BA5150
ba5quiat
ba6431042
ba82sa
baa2445s
baaaaa
baacow
baadal
baajaa
baal
baalman1
baariq1kebria2
bab00n
bab00n34
bab13s
baba08
baba108
baba123
baba2
baba2000
baba2003
baba2010
baba21
baba22
baba3333
babab
bababababa
babababababa
bababaski
bababeo
bababooey1
bababubu
bababui13
babacoer
babacretica33
babadan
babadham
babaeroako
babaganoosh
babai84
babaibabai
babaipaul
babais
babajaga1
babajaga2
babajee
babaji1
babajiajayteju
babajiom
babaju1
babak
babaka
babakoto
babalaba
babalagin
babalawo
babaloknath
babaloo1
babalooey
babalooo
babaluga
babamadipo
babamami
babame
babamoni
baban51522
babanam28
babapapa
babaquan
babar1
babar70ka
babarere
babaria
babarocks
babarox
babars
babasayadabdula
babaswami
babaxonk
babaye
babazula
babb
babbabbab
babbar
babbas
babbitt
babblu
babboo
babboon
babbu007
babbumaan
babburino
babbyboy
babcom
babe2005
babe4me
babe63
babee2009
babel1
babel123
babel17
babele
babell
babelub1
babeluv
BaBeMaGn
babemaster
baberuth3
baberuth99
babes0627
babes2
babesk
babeth
babey
babi15
babi2129
babiboi1
babie0d5
babieboi1
babiera
babies08
babies09
babies10
babies13
babies4
babies5
babigirl13
babihutan
babihutan1
babilakamu
babilo
babilon6
babilu
babinda
babita06
babjan
babji
babli
babli143
babloo007
babloooo
babo2001
babolat1
baboo007
baboo39
baboon01
baboon14
babooshan
baboso
babou
babou%1
baboun
baboyka
babsan
babt
babu@123
babu15
babu1959
babu@1976
babu1980
babu1986
babu1987
babu2009
babu54
babu77
babu83
babu9988
babuana
babuece
babugaru
babugod1243
babugopal
babuii
babuin
babuinas
babujha2
babuji12
babul
babun1977
babuni
babuni2050
babunia
baburam
baburao999
babusaab
babush
babushka1
baby0102
baby0303
baby0509
baby1022
baby1031
baby1102
baby1111
baby1113
baby1119
baby123456
baby132
baby14
baby1434
baby1965
baby1977
baby1983
baby1996
baby1997
baby228
baby2305
baby2be
baby30
baby3443
baby4321
baby4life
baby78
baby95
baby98
babyaida
babyaide
babyameer
babyangle
babyanna1
babyant
babyapple
babyash96
babyb
babyb1
babybabe
babybaby1
babybaby2
babyback
babybear01
babybear123
babybear25
babybee
babybee1
babybell
babybelle
babybeluga
babyben
babyben1
babybiik
babybill
babybird1
babybitch
babyblu
babyblue05
babyblue123
babyblue26
babyblue3
babyblue53
babyblue7
babyblues1
babyboi2
babyboo01
babyboo09
babyboo10210
babyboo15
babyboo1998
babyboo4
babyboo99
babyboom
babybooo
babyboy0
babyboy01
babyboy25
babyboy28
babyboy44
babyboy69
babyboy9
babyboyian
babybuck
babybull
babycake1
babycakes8
babycall
babycash
babycat1
babycha
babychan
babycharm
babychase
babychat
babychelic
babychloe
babychunmun
babycorn
babyCOW13
babycutes
babyd13
babyd19
babydaddy1
babydamula
babydavid
babydd
babydear
babydee
babydee1
babydior
babydiva
babydoc
babydol2010
babydoll16
babydoll17
babydoll79
babydoll8
babydoll9
babydrag
babydragon
babyduke
babydylan
babyelmo
babyemma
babyenzo
babyerin
babyethan16
babyevan
babyfat2
babyfat78
babyfeet
babyfish
babyfuck
babyg808
babygal143
babygal4
babygangsta
babygirl@
babygirl00
babygirl05
babygirl07
babygirl0913
babygirl100
babygirl1234
babygirl143
babygirl25
babygirl26
babygirl28
babygirl33
babygirl4
babygirl456
babygirl6
babygirl75
babygirl76
babygirl77
babygirl81
babygirl84
babygirl85
babygirl89
babygirl92
babygirl97
babygirle
babygirls1
babygirls2
babygotback
babygrace1
babygrant
babygrl1
babygu12l
babygunter
babygurl11
babygurl12
babygurl4
babygurl8452
babygurlz
babyguy
babyhannah
babyhead1
babyheart
babyhot12
babyhuey1
babyhum1304rah
babyisaac
babyish
babyj1
babyjacob
babyjar
babyjean
babyjen
babyjimmy
babyjj123
babyjohn
babyjojo
babyjoker
babyjosh
babykai21
babykat
babykevin
babyking
babykiran
babykitt
babykoh
babykoh29
babykohh
babykyle
babyl0n
babyleah
babyleon
babylex
babylo
babylobe
babylon1x
babylon69
babylon7
babylon9
babylove09
babylovely
babylover
babyloveu
babylusa
babyluv1
babymagic
babymama07
babymama2
babyman2
babymatt
babymch4
babymia
babymike
babymol
babymonica
babymoon
babymouse
babynana08
babynick
babynicki
babynico
babynigel
babynino
babyoh
babyone
babyonemoretime
babypanda
babypickle
babypie
babypoo
babypuppy
babypurple
babyqueen
babyrafa
babyrai
babyrain
babyraju
babyran
babyred
babyrika
babyryan
babys
babyseal
babyshambles
babyshay
babysingh
babysis
babysitting1
babysnake
babysnakes
babysnow
babyson
babysona
babysss
babystella
babysurf
babytate
babythree
babytooth
babytrevor
babytyler
babyvox
babywest1
babywhite
babywill
babywipes
babywolf
babyworld
babyzane
BAC0T
bac123
bac151
baca1983
bacan1
bacanal2007
bacang
bacard1
bacardi123
bacardi151
bacardi181069
bacchus1
bacchus103
BACCHUS7
bacdafucup
bacdaibang
bacdau
bach1c
bach2000
bach3c
bach66
bacharach
bacharra
bache10r
bacheres
bachig
bachini
bachiu
bachstrad
bachtuoc
bacidog1
bacilli
back22
back2basix
back2life
back2work
back40
back89
backa
backaaok
backbacon
backd00r
backdoor1
backdoor2010
backdoor_cvm9
backdoors
backdrops
backer33
backfree
backgirl
backhus
backinaction
backing
backlash1
backlink123
backlink75
backlinks1
backlinks123
backlit
backof
backorder
backroad
backroll
backroom12
backs
backseat
backshot
backslide
backsp4ce
backspace.
backstabber123
backstay
backstop
backstreet1
backstroker
backtoblack
backup09
backus
backwith
backwood
backwood1
bacmvd10
bacon2
baconator
baconbit
baconbitz1
baconboy1
baconbulle
baconegg
baconman192837465
baconmouth
bacons12
bacterium
bacuri
bacweuu612
bad11bad
bad2bone
bad2dabone
bada1
bada11
badabing1
badajon
badakjawa
badakpasar
badal0863
badama0003
badams
badan
badangel
badar786
badari
badash
badass01
badass11
badass1234
badass82
badass89
badasschick
badassmf
badasss1
badattitude
badb0y
badb0yf0rlife
badbadbad
badbadtz
badblueboys
badboy
badboy109
badboy112
badboy13
badboy2000
badboy21
badboy28
badboy4life
badboy70
badboy89
badboybill
badboys007
badboys123
badboyz123
badbrad
badbrains
badbuddy
baddam
baddass
baddboys
baddog0194
baddog11
baddog2009
baddog55
baddoggie
baddon
baddreams
badduck
bade4839
badeinet
bader123
bader1234
badere
baderr
badex
badey14
badfinger
badfish1
badfriend
badgal
badge18105
badger01
badger10
badger123
badger21
badger7
badger76
badger94
badgerangel
badgerman
badgirl69
badgirls1
badgujar
badguys
badhabits
badhakal
badhan
badhanman
badhurana
badija
badiluck
badingding
badios
badis
badkulla
badlad
badluck13
badly
badmad
badman007
badman12
badman14
badminto
badminton101
badmix
badmofo
badmom
badmonkey1
badmotherfucker
badmotorfinger
badmovie
badmuthafucka
badmvmpass
badnand
badnarik
badness
badonkadonk
badootie
badpad123
badpass
badpwd
badrakali
badri
badris
badrobot
badrul
badsam
badseed
badseeds
badstyle29
badthings
badtouch
badtrip
badu12
badua
badubadu
badubah
baduism
baduizm
badussy
badvegan
badwita
badzz088
bae125
bae146
baelish
baer
baerwakuma1
bafabafa
baffer
Baffin
baffle
baffour1
bafinim
bag57is
bag678wolf364
bagacera
bagalpur
baganajam
baganthar
bagari
bagaskara
bagaspati
bagataga
bagavan
bagavathi17
bagban
bagel123
bagel16
bagel77
bageros
bagesh21
bagg1ns
baggaskoro
bagged
baggers1
bagging
baggins12
baggio1
baggio13
baggio413
baggott
baggypants
baghdad1981
bagheera1
bagheria
bagika
baglamukhi
baglestation
baglioni
bagnag
bagoes
bagofbones
bagon9
bagone
bagong1234
bagonk
bagookeshu
bagram258
bagration
bagreegh
bagshot1
bagua9
baguira
bagus123
bagusbagus
baguvix89
bagwell5
bah123
bahabaha
bahais
bahalina
bahamut2
bahamuth
bahamutzero
bahar
bahar123
bahareman
baharudin
bahasa
bahasaku
bahaudin
bahbahbah
bahena
bahgat
bahhbahh
bahia
bahiroller
bahlakoana
bahn
bahnou123
bahongtae
bahooas
bahotae
bahrain1953
bahram
bahrudin
bahuguna
bahukhandi
bai123
baiamare
baiamonte
baiana
baiano
baibai017
baibee
baibhav
baibing
baidu11
baidu.com
baielekker
baikal
baikhati
baikunthe
bailando
bailbonds
baile
bailee03
bailee04
bailee99
baileey
bailey007
bailey1205
bailey15
bailey1968
bailey1975
bailey2005
bailey2006
bailey25
bailey28
bailey32
bailey52
bailey55
bailey555
bailey6
bailey61
bailey7
bailey777
bailey79
bailey80
bailey803
bailey84
bailey91
bailey95
bailey96
baileyandcodey
baileybabe
baileyblue
baileyboo
baileybug
baileyjean
baileyjune
baili521asdfg
baille
baily1
bain2008
baipri
baires
baiser
baitian
baiting
baixinho
baiyang
baiyetutu
baize
Baja
baja01
bajafresh
bajaga
bajaj123
bajaj1234
bajajpulsar
bajajwind
bajaklaut
bajamaja
bajang
bajatabla
bajekan
bajibaji
bajigur
bajolijo
bajrang123
bajrangi
bajsk0rv
bajskott
bajson
bajubaja
bajubiru
bajuri
bajusaya
bajuszben12
bajwa100
bajwa123
bajwasaab
bajzel
bakabashi
bakachan
bakadesu
bakainu
bakaism
bakalamuerto
bakalan
bakalanyes
bakamono
bakane
bakang
bakanyu
bakar123
bakari
bakasama
bakawali
bakchodi
baker10
baker420
bakerhughe
bakerloo
bakero
bakerolls
bakersk8
bakeru
bakery1
bakgat
bakham786
bakhtiyar2
Baki
bakian
bakil1zalia
bakitba
bakitkosasabihin
bakkan
bakkes
bakketun
bakla
bakla1
bakla123
baklaako
baklan
baklazan
bakpao
bakpia80
baksas
baksik
bakti
baktin
baktr199
bakugan123
bakume
bakunae
bakwas
BAL3ARD
bala12
bala12345
bala1625
bala1988
bala28
bala994
balaban
balace
balachandana
baladada
balage
balaguruswamy
balaguty
balajee
balaji03
balaji04
balaji08
balaji1
balaji1100
balaji123456
balaji21
balaji28
balaji555
balajiba
balajic
balajii
balajiii
balajimama
balajirao
balaka
balaklava
balakumari
balalayka
balambica
balamik1
balams
balamurali
balamuri
balamut
balamutas
balan.5098
balance
balance01
balance12
balance33
balance77
balanced1
balancer
balancio
balangir
balangsak
balanta
balanula
balao1
balaprathap
balaraja
balaramudu
balarishi
balas
balashiva
balauma
balbino
balboa11
balboa77
balbriggan
balcer
balcer1
balchira
balciuniux1
bald1234
baldanza5
baldeep1
balderas
baldguy
baldhead1
baldman
baldo
baldomaro
baldomero
BALDOR
baldoza
baldridge1
baldrok95
balducci
balduin1
baldur1
baldur12
baldwins
balebale
baleendah
baleful
baleia
baleigh
balena
bales1020044
baleseng
baletnica
baley45
balfour4
balhanuman
bali10
bali2008
bali2009
balibalo
baligaradarsh
balihai1
balihoo
balikesir1
balina
Balinese
baliram
baljinderg
baljit
baljit420
balkans
balkaran
balkis
balkrishan
ball0000
ball00n
ball00ns
ball10
ball13
ball15
ball23
ball44
balla
ballaboy
ballah
ballarat
ballard1
ballbag1
ballboy
ballbuster
ballcool
balle1
ballenger
baller01
baller08
baller16
baller19
baller2
baller28
baller4
baller43
baller45
baller54
baller55
baller69
ballerin
ballerina6
ballers2
ballestero
ballet13
ballet16
ballet20
ballet3
ballet33
ballet42
ballet5678
ballet7
ballet8
balletgirl
balletshoes
ballfuck
ballgag
ballhard
balli
ballia123
ballin10
ballin12
ballin123
ballin15
ballin20
ballin21
ballin22
ballin26
ballin3
ballin4life
ballin95
ballinamore
ballinbaby
balling1
balling2
ballinger1
ballinpat
ballinrobe
ballinteer
balliol
ballisingh
ballium
ballium9
balljoint
ballman
ballo1
ballocks
ballons
ballons59
balloon0
balloon123
balloon77
balloon88
balloonman
ballot
ballpark
ballpen
ballroomdance
balls2u2
balls666
balls9
ballsout1
ballss
ballstothewall
ballstoyou
ballu
balludon
ballycastle
ballyfermot
ballygalda
ballyhale
ballymorris
ballz1
ballzak
balm
balmung
balmy
balnamoon
balochista
balogna1
baloney1
balonmano
baloons
balooo
balotra
balou
balouch1
baloyi
balsak
baltar
baltazar1
baltazar30
baltazbaladmu
balterio
balthazard
baltija
baltika
baltos
Baltrum
baltyk
balu
balu123456
balu143
balu4444
balugame
balungile
balunglor
balurama
balustrada
baluu25
baluvanni
balvonas
balwanz1
bam123
bam1234
bam444
bam666
BAMA1
bama11bama
bama_123
bama15
bama2262
bama99
bama9999
bamabama
bamasucks
bamb00
bamb1ng
bamba
bambam07
bambam10
bambam12
bambam20
bambam777
bambam83
bambam84
bambam89
bambapuang
bamber
bambi911
bambigirl
bambin0
bambini
bambino69
bambocha
bambola
bamboleo
bamboo1
bamboo12
bamboo27
bambukas
bambusz
bamenda1
BaMH6
bamikole
bamisile
bamisilepolo
bamma1
Bammie
bamouse
bamsbams
bamse1
bamse2
bamsemoms
bamsen
ban12345
ban21043
ban99
banaan12
banaani
banaantje
banahana
banakon
banamali
banan0
banan111
banan1234
banan666
banana07
banana100
banana16
banana18
banana19
banana1997
banana2005
banana345
banana42
banana44
banana777
banana789
banana81
banana89
banana93
banana94
bananabanana
bananaberry
bananabread
bananabus
bananacake
bananada
bananafi
bananagate
bananahair
bananahead
bananakey
bananakey437
bananan
bananapie
bananas1234
bananas209
bananas4me
bananas7
bananax
bananda
banane1980
bananenboot
bananer1
bananers
banania
bananita
bananos
bananowiec1
banansplit
banaras
banaspati
banasree
banban
banbina1
banccorp
banchan
banchi
banco123
bancong
band2009
band22
banda2000
bandage
bandages
bandaid1
bandaloop
bandara12345
bandari
bandaria
bandarseri
bandboy
bandengan
bandera1
bandgeek11
bandgeek13
bandgeek2
bandhavi
bandi123
bandi1990
bandiboy
bandic00t
bandidas
bandikui
bandile
bandirma
bandis56
bandit0
bandit007
bandit02
bandit04
bandit07
bandit08
bandit14
bandit15
bandit19
bandit2008
bandit24
bandit250
bandit35
bandit4
bandit400
bandit42
bandit51
bandit54
bandit57
bandit600
bandit62
bandit66
bandit7
bandit72
bandit777
bandit80861337
bandit81
bandit87
bandit90
bandit95
bandita
banditbandit
banditboy
banditdog
bandito11
bandito13
bandits01
banditxx
bandman1
bandoeng
bandoneon1
bandor
bandos
bandot
bandra
bandriya
bandrocks
bandrowski123
bandstra
bandung123
bandung200
bandung77
bandwagon
bandwidth
bandyband
baneban
baneful
bang123
bang1234
bang2002
bang69
bang893
banga
bangaaru
bangalore12
bangalore22
bangalore25
bangalorepes
bangaram12
bangaram23
bangarams
bangarang
bangaru123
bangarukonda
bangbaby
bangbangba
bangbangta
bangboss
bangbus
bangcaya
banged
banger45
banger66
bangerang
bangesrwer
bangge
bangiyang
bangkinang
bangkok1
bangkok123
bangkok2
bangkok200
bangkok5
bangku
bangladesh09
bangladesh12
bangladesh123
bangladeshi
bangladeshi7
banglangtim
bangles
bangnand
bangoo
bangout
bangroth
bangsatt
bangus
banhmi
bania123
baniak
banialuki
baniana
baniaz
banibapi
banick
banikhet
banina
banished
banitlong
banjarese
banjarmasn
banjer01
banjo
banjo2
banjo69
banjobanjo
banjos
bank14
bank2008
bank69
bankai12
bankai2
bankai58
bankai7
bankai88
bankcard
banker1
banker12
bankerho1
bankerna
bankers
bankhead1
banki500
bankim
bankofireland
bankole1502
bankone1
banks12
banks123
banks69
banksey
banksia
bankside
banmeet
bannajji
bannanas123
bannanasplit
bannaner
bannanna
bannanna08
bannaphone
bannar
banned06
banneker
banner1
bannerman
bannock
bannor
banoffee
banque
bansal1986
bansal4281
bansal77
bansals
bansat25
bansdroni
banser
banshee2
banshee666
bansi011
bansode
banson
bansuri
bantaeng
bantalguli
banten
bantex
bantha456
banthanoi
banti2007
banton
bantry
banttoo5
Bantu
bantu12345
bantuchachu
bantugan
Bantus
banu
banu1234
banubanu
banuelos
banyan
banyu
banyuls
banzai123
banzai5
banzer
bao3cha6u
baobaodjqwe
baobei520
baodaica
baofengyu
baohoa
baomat
baongoclaptop
baoson
baouyen
baovan
baoxin315155
baoyeheng606
bapactm1
bapakibu
bapbap1
bapelsin
bapesta2
baphomet93
bapi1234
bapi1987
bappa
bappaditya
bapsie
baptista
baptize
bapu6868
bapubapu
baquyet
bar06170
bar13ney
bar1927
bar2001
bar9897712786kat
barabaka
barabashka
barabasz
baracaldo
barack2009
baraddur
barafranca
barahona
barakas
barakath
barakglaicher
baraki
barako
barakobama
barakuda1
barakuda1212
baraldi1
barale
baramin
baramulla
baran5
baranka
baratayudh
baratheon
barathiraja
barathrum
barathvasy
barato
barb123
barb1e
barb2008
barba123
barbadian
barbados94
barbagianni
barbar2202
barbara01
barbara12
barbara14
barbara22
barbara7
barbara8
barbara85
barbara98
barbarac
barbarah
barbaraj
barbaram
Barbare
barbaric
barbarita
barbaroja
barbarona
barbarosa
barbarous
barbary1
barbarzynca
barbazon
barbee
barbelith
barbells
barbentane
barber24
barbera
barbero
barberton
barbette
barbey
barbhuiya
barbican
barbie01
barbie05
barbie@1
barbie111
barbie1234
barbie12e
barbie17
barbie1809
barbie19
barbie1997
barbie2001
barbie27
barbie321
barbie4
barbie45
barbie5
barbie69
barbie7
barbie75
barbie8
barbie90
barbiebarbie
barbie.com
barbiee
barbiej1
barbiepink
barbieri
barbital
barbosas
barbossa
barbot
barbour1
barbra1
Barbro
barbus
barbwire1
barca12
barca1899
barca1991
barca2000
barca99
barcardi
barcarena
barcel0na
barcelona04
barcelona1234
barcelona2008
barcelona4
barcelona8
barcelona91
barcelos
barcik
barcodes
bard
bard33
bardamerda
bardbard
bardie
bardo817
bardock187
bardsley
bardufoss
bardugo
bardwell
bardzotrudne
bare
barebob
barebone
bareerah1
baref00t
barefoot00
barefoot1
barefoot44
bareham3
barenake
barenboim
barends1
barends9
bareng
baresi
baresoul
bareta
barf
barfbag
barfbarf
barfboi123
bargainhunter
bargan
bargavi
barge
barger
barger13
bari1234
baribari
barika
bariki
barikibhp
baril5
barilari
barile
barilla
barina
barinder
baris
barisa225
barisax1
barisaxy
barish13
barista78
baritone#1
barjuna
bark3r
barkadahan
barker1
barkey
barkha123
barkin
barkingdog
barkingdogs
barkley01
barkley123
barkley3
barkley34
barks
barktr0llie
barky04
barmalei
barn0ne
barn12
barn1234
barna17
barnaba
barnabas1
barnabe1
barnacle1
barnacles
barnala
barnards
barnasht
barnboy
barndoor
barnehage
barnes1023
barnes11
barnes2
barnes21
barney05
barney09
barney21
barney50
barney79
barney88
barney99
barneydog
barneyyy
barnfield
barnmuscle
barnowl1
barnstorm
barok
barokah
barokugf
barolo
barolo11
baronbaron
barondavis
baronowa
barony
baroot
barphy
barra099
barracks
barragan
barramundi
barranquilla
barraza
barre
barreiro
barren
barren1234
barret11
barretos
barrette
barricade1
barries
barriosa
barris1
barrjb
barroco
barroness
barrows
barrthali
barry08
barry2
barry20
barry47
barry73
barrybonds25
barryjen110406
barrymor
barryr
barrywhite
barryyeo
barryz
barsa
barseen
Barstow
barswee
barszcz
bart16
bart30
bart4532
bart77
bart79
bartal
bartalpha1
bartas1
bartbart1
bartbeanie
bartcccc
bartek10
bartek1992
bartek20
bartek7
bartek88
bartekxman
bartel
bartell
barterer
bartfink
barthez1
bartholdi
bartie1
bartix
bartle
bartlesville
bartlet00
bartlet1
bartman12
bartman3
bartman855
bartmann1
bartmoss
bartnik
bartoli
bartolome1
barton12
bartonfink
bartosz1995
bartram1
bartsusan
barty1
baruah
barubang
baruel
baruipur
barukan300
barum
barun
barwal
bary123
baryon
baryram1
baryton
bas614
basah
basal
basalisk
basalt
basam
basamebasame
basanta93
basanti1
basantie
basappa
basarab
basaran
basava123
basavaraju
basbhat
basbosa
bascas96
baschet
basco
bascom
basd
base10ball
base21
base295
baseball02
baseball03
baseball05
baseball06
baseball111
baseball1957
baseball2006
baseball41
baseball42
baseball45
baseball55
baseball69
baseball777
baseball87
baseball95
baseballfan
baseballrocks
baseballs
baseballstar
basedon
baseer
basefleer
basegen
basejump123
basement56
basemusic
basen12
basenjis
basescu
bash143
basha123
basha1984
basha786
bashan
bashar
bashbash
basheera
bashford
bashful12
bashik
bashir1
bashkir
basho03
basho1
basia12
basic000
basicpc9
basikal
basil007
basil132
basil1995
basil5
basilbrush
basilcat
basile1
basileus
basilic
basilica
basilico
basiljoyal
basilmu
basin
basinger
ba-sing-se
basir
basireddy
basirhat
basita
basith786
basiunia
basje
baskart
Baskent
basket07
basket10
basket16
basket21
basket45632
basket91
basket94
basketball07
basketball10
basketball11
basketball20
basketball21
basketball30
basketball33
basketball4
basketball44
basketball7
basketball89
basketball90
basketball@jkn
basketballp
basketballrules
basketking
baskets1
baskoro
basma1
basma123
basman
baso2004
basobaso
bason
basoph1l
Basque
basrino2
bass12
bass2727
bass444
bass4him
bass55
bass666
bass82
bass88
bass888
bassa
bassale
bassass
bassbin
basscat1
basscraze12
bassdrop
bassemand
bassethound
bassetthound
bassgirl1
bassia
bassinet
bassing
bassingwe
bassingwel
bassingwell
bassist1
bassist13
basslake
bassman2
bassman23
bassos
basstracker
bassword
bast42
bastable
bastaikaw
bastar
bastard0
bastard01
bastard11
bastard8
bastarda
bastardi
bastardise
bastardz
baster1
bastered
basti
basti2009
bastia
bastianj
bastiboy
bastigaur
bastin
bastinado
bastion1
bastkiku
bastow
basturd
basuki79
basura12
basura51
basurahan
baswaraj
baszdmeg
bat666
bata007
bataan
bataantulagan
bataclan
batagor
batak
batal
batam
batangmama
batara
batasuna
batati
batatinha123
batavia1
batbat
batcat
batch1993
batch2006
batch97
batchild
batdog
bateaux01
batedos168
bater
bateria8
baterista
baters
bates2005
bates40
bates550
batfan
batfink1
batfish
batgirl1
batgirl77
bathabile
bathala
bathandwa1987
bathanh
bather82
bathing
bathingsuit
bathos
bathosai
bathroom1
bathroom123
baths
batibati
batigoal
batim
batista01
batista45
batista5
batista619
batlee
batman07
batman14
batman15
batman1995
batman2000
batman2009
batman26
batman268
batman27
batman30
batman300
batman3000
batman35
batman360
batman43
batman501
batman636
batman64
batman725
batman82
batman83
batman911
batman95
batmanbatman
batmandude2
batmanman
batmanrobin
batnball
batobato
batonboy
batonik
batonrouge
batool
batoon
batosay12
batotoy
batousai
batoytoy
batrock
bats
batteekh
batterie
batteries
batters
battersby
batti
battle11
battle123
battle22
battle24
battle56
battle99
battlebots
battlecr
battlefield2142
battlegrounds
battlenet
battleon12
battleon45
battles1
battlesh
battletech
battousai1
battyboy1
battys
batuffolo
batukajang
batulo
baturaga
baturetno
batusai
batusay
batuta
batute
batwing
Batya
Batzen
bauble
baud
baudille
bauer418
bauercrest
baugher
baugholl
bauhitut
bauman
baunilha
Bausch
bautroi
bautroixanh
bauxboy123
bauxite
bava786
bavaras
bavaras1
bavaria1
baver1337
bavithra
bavol
bawani
bawd
bawd585air
bawdy
bawibawi
bawipa
bawite
bawithang
bawitlung
bawl
bawls
bawlson
bawoks
bawost
baxter00
baxter04
baxter101
baxter16
baxter1981
baxter2
baxter2007
baxter522
baxter67
baxter69
baxter99
baxter9999
baxterb
baxterboo
baxtercat1
baxtor
bay786
bay901
bayamon123
bayan111
bayanjunaid
bayanko
bayard
bayarea
baybay12
baybay539
baybaybay
baybe12
baybi
baychester
baycom
Bayda
bayernmunich
baygirl
bayikuc7
baylee1
bayleigh
bayleigh1
baylen
baylies
baylin
baylor01
baylor1
baylor11
baylor12
baylor87
bayner
bayona
bayport1
bayrak
bayrak123
bayridge
bayridge1
bayroot
bayside1
baytennis
bayu1234
bayview2
baz123
baza
bazan
bazbaz
bazdmeg
bazemore
bazil123
bazile
bazinga123
bazoevae
BAZongaz
bazooka88
bazookax
bazookaz
bazooms
bazuka
bazza123
bazzel
bazzen
bazzigar
bazzinga
bazzman
bazzy1
bb0701
bb111111
BB125CX
BB12E
bb159357
bb1675
bb1959
bb1976
bb1981
bb1984
bb1988
bb2020
bb2468
bb2580
bb3040
bb307438
bb33bb
bb6666
bb7290
bb741852
bb8
bb8700
bb8965
bb9119cc
BB9AM
bba07lm
bba306
bbaa
bbaabbaa
bbakarrehanhu
bbaker
bball20
bball201
bball333
bball34
bball40
bball4me
bball8
bball88
bballboy
bballdog
bballer
bballers
bballgirl
bballplaya
bballrocks
bballrules
bbamanoj
bbambaeco9
Bbant5
bbaron
bbarone3
bbb000
bbb112
bbb333
bbb357
bbb369
bbb444
bbb456
bbb520
bbb748
bbb753
bbb789
bbbarny
bbbb12345
BBBB8888
bbbb8jjj
bbbbb1
bbbbbb41
bbbbbiiiii
bbbbbsssss
bbblue
bbbmmm
bbbuck2
bbc098765
bbc12345
bbc2323
bbc2eat
bbc2mp30
bbccaa
bbcoliv1
bbcworld
bbdnitm
bbear
bbeb00b30c
bbeckett
bberry
bberry504
bbf4ever
bbfc10
bbhushan
bbislife
bbjake
bbjavelin
bbjhqxut
bbjones
bblock
bblue
bbm123
bbm14531453
bbmakfan
bbmcaguys
bbmm520
bbobbo
bbobby
bbober
bbod
bbooks
bbq123
bbrown
bbrules
bbs142857
bbsbbsss
bbsbec2003
bbsp1721
bbsr1234
bbteamo
bbug5099
bbvd1776
bbvideo
bbvvcc
bbwlover
bbwsex
bby169
bc12345
bc1692
bc17246b
bc1972
bc345512
bc4173
bc4d8cgh
bc654321
bc748
bca004
bca1d938
bcads786
bcaegn
bcasneha14
bcbtex
bcc
bcc1202
bcc4life
bccbcc
bccc
b@cchus
bcd2000
bcdnucy7
bceky5ec
bcgfybz
bcghe9xn
bchester
bckb63702
bckhere
bcl01271975
bcn123
bcomdcs
bcomdcsdtlpiti
bcon6969
bcooke69
bcoolgirl
bcplarw788
bcr4831
bcr921231
bcreative
bcroskq722
bcrow24
bcs
bcsmca
bcsurvivor
bcw38637
bcxfw
bcygamswhjf
bcz952
bd0711
bd1224
bd1341062
bd1971
bd1987
bd215ckj
bd7872
bd8wkzo
bda983
bdaddy
bdavid
bdawg1
bday061895
bday081189
bday1026
bday1120
Bday67
BDB0b69s
bdb1194x
bdbcdlm
bdbf5131
bdccxnhmlx
bdchaurasi
bdf123
bdfyjdbx
bdg7cum
bdhxxh
bdiamond
bdj8s2pr4z
bdl00707
bdl1064
bdm12345
bdr3ubv726
bdrpaztr
bds5m=jy
bdsabsdns
bdsmslave
bdtbdt
bdu9u6k7
be0118
be02ac
be0wulf
be12345678
be19058905
be22cca0
be232425
be2440
be2wenty1
be322da
be3910d0
be4643
be5032
be5145
beaarthur
beabitch
beabrat
beach01
beach02
beach07
beach100
beach11
beach13
beach138
beach17
beach2
beach2007
beach25
beach3
beach4
beach410
beach4me
beach5
beach521
beach8
beachbaby1
beachbal
beachbum13
beachcomber
beachdog
beached
beaches13
beachfront
beachguy
beachhead
beachstar
beachy1
beacon21
beaconhouse
beacons
beaded
beadgcff
beads
beads1
beady
beagel
beagleskin
beagqg
beaky
bealexander
beambeam
Beamen
beamerm3
beammeup
bean001
bean0220
bean07
bean12
bean1970
bean20
bean21
bean22
bean24
bean25
bean4862
bean88
beanbean1
beancurd
beandog
beaner11
beaner14
beaner18
beaner2001
beaner33
beanerz
beaney
beangirl
beanhead1399
beanie2
beanie22
beanieman
beanies2
beanman
beano
beanpole1
beans1
beans12
beans2
beans420
beans71
beansie
beansmom
Benjamin
b.franc1a
b.i.g.
bigdaddy
blakey25
blakjak
blakjoe1
blakman
blakpyro
blam0123
blamblam
blameonme
blammo1
blamo
blamsj7
blanakan
blanc
blanca1
blanca123
blancanieves
blancas
Blance
blance21
blanche08
blanche123
blancheneige
blanchet
Blanchette
blanchon
blancy
bland1
Blandine
blanding
blandish
blandulben
Blane
blangkon
blanik
blank7
blankboy
blankie1999
blankk
blanko
blanky84
blannie
blar2538
blarandom
blarblar
blare
blarg1
blarg405
blargblarg
blarger
blargh1
blarghonk
blargle
blarney123
blasasin
blasdell
blase
blasek
blasio
blasius1
blasphemy1
blastech
blaster3
blaster88
blastmaster
blastoff11
blastoice
blastoid
Blastr
blastradius
blastro
blasts
blat123rest
blatant
blathnaid
Blatz
blawnox
blayblay
blaze1234
blaze1996
blaze2000
blaze6
blaze9
blazed
blazed1
blazedog
blazejek
blazeman
blazenka
blazer01
blazer12
blazer22
blazer33
blazer503
blazer69
BLAZER72
blazer75
blazer79
blazer97
blazer98
blazerk5
blazers06
blazers30
blazers7
blazeup
blazin1
blazingwol
blazintech
blazzin
blbjnbpv
blbjnbpv3
blblh12
blc123
blcwho
bldecet
bldg
bldlss
ble55ed1
bleach101
bleach25
bleach360
bleach4ever
bleach69
bleargh
bleat
blebsgay
blech
blecha
blechy
bled
bledsoe1
blee101
bleeblah
bleedinglo
bleedout
bleeds
bleedsnomore
bleek
bleek123
bleen57
bleep
bleh1
bleh123
blehblehbleh
bleki1
blekutak
blelloch
blemish
blend
blender5
blenk05
blenny
blertsie
bless10
bless1120
bless1ng
bless2
bless25
blessa666
blessed100
blessed2008
blessed2010
blessed27
blessed2b
blessed33
blessed35
blessed52
blessed64
blessed95
blessedbe1
blessedchild
blessedfamily
blessedgirl
blessedlove
blesshim
blessing01
blessing07
blessing12
blessing26
blessinga
blessings123
blessings5
blessizi
blessme1
blessme28
blessme77
blessmee
blessmelord
blessus
blessus44
blessuspo
blest
bleu01
bleuboy
blevins5
blevy17
bleyl3
blezeem
blhkktdx67
blhys12851
bli22ard
blibli
bliblibli
blida09
blignout
blikkies
blimpy
blimunda
blind101
blind2fate
blind420
blind666
blind911
blindboy
blinddate
blindeye
blindfold
blindlove
blindly
blindmelon
blindness
blindreaper
blinds21
blindside1
blindside6
blindzero
bling123
blingking
blingo
blingx2
blink16
blink_182
blink1981
blink2
blink2010
blink82
blinkblink182
blinkboy
blinken
blinker1
blinker182
blinki
blinkin182
blinknfg
blinkward94
Blinn
blipblop
blips
bliss66
bliss9
blissfull
blister1
blitar
blitch
blittle
blitz00
blitz1939
blitz88
blitzblitz
blitzer
blitzkrig
blitzz
blitzz12
blixa
blixab
blizanac
blizanci
blizz
blizz2
blizzard07
blizzard123
blizzard1234
blizzard13
blizzard19
blizzard3
blizzard45
blizzard69
blizzard99
blizzy
blk
blk982b
blkhwk
blkluv
blkman
blknom1
blkrob
blkwalst28
blkwidow
bll100485
bllup$212
blmblm
blmvzst
blo0dy
blo123
bloat
bloated
bloatyfrog
blob12
blobs
blobular
Bloch
blockhead1
blockheads
blockland
blocklock
blockwork
blockx
blod2712
bloemfontein
blofeld
blog1
blog111
blog4me
blogar
blogarebob
blogging123
blogku
BLoGMe
blogpass
blogs
blogs1234
blogs222
blojob
Blomberg
blomdido
blompot
blond1
blondboy
blonde11
blonde123
blonde13
blonde18
blonde1x
blonde3
blondee
blondell
blondes8
blondie01
blondie09
blondie101
blondie13
blondie14
blondie25
blondie5
blondie77
blondina
blondyjim
blong1
bloo00
blooandmac
bloobie
blooboy
blooby
blood101
blood14
blood2
blood31
blood45
blood76
blood777
bloodangel1
bloodbank
bloodblood
bloodcrush
blooddog
blooder
bloodfire
bloodflowers
blooding
bloodlines
bloodlust1
bloodmage1
bloodninja
bloodnok
bloodofjesus
bloodomen2
bloodpack
bloodpress
bloodrain
bloodrayn
bloodring
bloods11
bloods23
bloodshed
bloodsin
bloodsto
bloodstream
bloodthirst
bloodv95
bloodworth
bloody2
bloodycar
bloodycool
bloodylove
bloodyman
bloodymess
bloodyred
bloodz11
bloodz111
bloom12
bloombloom
bloomcounty
bloome
bloomers
bloomfie
bloomflora
bloomie212
bloomies
bloomies1
bloomquist
blooms2
bloomsburg
bloomsky
bloomt
bloomtomb
bloomu
bloood
bloop2
blooper8
blooperz
bloopie
bloosm
blop7272
bloppers
blore123
blossom34
blossom5
blossome
blot
blotch
blots
blotto42
bloubliksem
bloubottel
bloubul1
blouse
blove
blow1234
blowagoat
blowback
blowf1sh
blowgun
blowhard
blowhole
blowme11
blowme12
blowme13
blowmeok20
blown350
blowoff
blowpop1
blowschu
blowtorch
blowup1
blpblp
bls1919
blsd2behis
BLT2Tj
blu
blu222
blu3387
blu3b1rd
blu3blu3
bluballs
blubb1
blubbb
blubber9
blubby
blublack11
bluboy
blubruz
blucrushr
bludevil
bludger
bludhaven
bludvl
blue
blue00123
blue03angel
blue08
blue0804
blue0905
blue0956
blue1018
blue1029
blue1081
blue111
blue11111
blue1214
blue1226
blue1231
blue128
blue1313
blue1464
blue1492
blue187
blue1914
blue1951
blue1961
blue1966
blue1967
blue1977
blue1979
blue1984
blue1992
blue1994
blue1995
blue1coat
blue2011
blue210
blue211
blue223
blue2300
blue2424
blue26
blue2moon
blue2red
blue2sky
blue300
blue304
blue336
blue343
blue36
blue360
blue3sky
blue40
blue404
blue411
blue420
blue4444
blue46
blue525
blue54
blue5924
blue5z
blue627
blue63
blue64
blue678
blue722
blue74
blue7576
blue76
blue7sky
blue818
blue83
blue86
blue88ly
blue9
blue91
blue92
blue94
blue95
blue999
blueajs88
blueandgold
blueandwhite
blueant
blueb
blueb0ttle
bluebabe1
blueball1
bluebeans
bluebear1
bluebeard
bluebel1
bluebell01
bluebell99
bluebelle1
blueberries1
blueberry08
blueberry3
blueberry8
bluebery
bluebird12
bluebird79
bluebird88
blueblade
blueblah
blueblockers
blueblueblue
bluebmw
bluebond
bluebottle
blueboy2
blueboy24
blueboy6
bluebrigade
bluebug
bluebutt
bluebutterfly
bluecandy
bluecar7
bluecat1
bluechevy
bluechild
bluechrist
blueclouds
blueclover
blueclue
bluecoco
bluecorgi
bluecorvette
bluecup
bluedemo
bluedemon
bluedevi
bluediva
bluedodge
bluedog2
bluedogg
bluedoor
bluedot
bluedrag0n
bluedream
bluedrill
blueducks
bluee301
blueedge
blueeyedpeas
blueeyes143
blueeyes3
blueeyes50
bluefairy
bluefans16
bluefart
bluefield
bluefilms
bluefintuna
bluefir3
blueflame1
bluefox1
bluefreak
bluefunk
bluegem
bluegender
bluegenie
blueghost
bluegiant
blueglass
bluegrass1
bluegrassy
bluegum
bluegunn
bluehats
blueheart
bluehedgehog
bluehill
bluehope
bluejacket
bluejackets
bluejay66
bluejess
blueking
bluel1
bluelabel
blueland
bluelimo
bluelotus
bluelover
bluemagic
blueman2
bluemartini
blueme
bluemist
bluemoon10
bluemoon11
bluemoon1978
bluemoon5
bluemoon64
bluemount
bluemouse
bluemule
bluemune
bluenail
bluenet
bluenike
bluenose1
bluenose2
bluenude
blueoceans
blueorb
bluepaint
bluepants
bluepass
bluepen
bluepink
bluepoint
blueprin
bluepurple
bluepyro
bluerain67
bluered456
blueridge1
bluerock
bluerock27
bluerocks2
bluerockz
blueroof
blueroom
bluerose08
bluerose13
bluerose7
bluerules
blues101
blues12
blues13
blues17
bluesanta
bluesbb4
bluesbird
blueseph
bluesfan
blueshadow
blueshirts
bluesink76
bluesix
bluesjazz
blueski
bluesky11
bluesky19
bluesky2009
bluesky25
bluesky4
bluesky7
bluesky8
bluesky88
bluesky888
bluesky98
bluesman1
bluesmoke
bluesmurfs
bluesnow
bluesoup
bluessmile
bluest
bluestar12
bluestar3
bluestar7
bluestorm
bluesuit
bluesummer
bluesun69
bluetail
blueteam
bluetopaz
bluetrain
bluetree
bluetruck
bluetulip
bluewaves
bluewheel
bluewings
bluewins
bluexx
bluey1
bluey123
blueyboy
blueyellow
blueyellow97
blueyes1
blueyes3
blueyonder
blueys
blueyz
bluezebra
bluezero
blugajug
Blum
blum1ein
blume1
blume123
blumenau
blumenkohl
Blumenthal
blummy
blumonday
bluninja
blunt
blunt18
blunt420
blunted9
bluntly
blunts420
blur13
blur2587
blur4prnt
blur75
bluray1
blurblur
bluremi
blurred
blurs
bluscout
blusky
blut
blutengel
bluver
blyn1234
blythe1
blythe221
blythwood
bm100310
bm2503
bm4ce8bm4
bm5ft2fxs
bma
bmack
bman
bman0499
bman13
bman82
bmandsr
bmarcus
bmbpyhjpbg
bmc
bmc001
bmc1017
bmc352
bmc38828
bmcadmin
bmcbride
bmd123
bmd1976
bmelickb
bmelon
bmf247
bmfelsm2
bmg123
bmicheal47
bmine4ever
bmip00
bmo29714
bmobmo
bmoney1
bmonkey
bmore1
bmp123
bmp123bmp
bmp2312
bmpd123
bmpdlp15
bmr123
bms123
bms4life
bmsa11
bmsce04
bmstech123
bmt2qvcs
bmthomas
bmw001
bmw10
bmw11
bmw1116
bmw123456
bmw159
bmw1series
bmw2000
bmw2004
bmw2007
bmw318ci
bmw325ix
bmw325tds
bmw325xi
bmw328ci
bmw335i
bmw335ixdrive
bmw3series
bmw4life
bmw528
bmw528e
bmw530d
bmw535
bmw545i
bmw5498
bmw555
bmw645ci
bmw666
bmw730
bmw735
bmw740
bmw740i
bmw745i
bmw750
bmw-bmw
bmwboomer
bmwboy
Bmwcas
bmwcca
bmwe46
bmwe46m3
bmwep777
bmwk100
bmwk1200gt
bmwk75s
bmwlover
bmwm3csl
bmwm3evo
bmwm5
bmwr1200
bmwx5d
bmwz18
bmwz3
bmwz4
bmx4130
bmx420$$$
bmxbmxbmx
bmxcore
bmxrules
bmxxxx
bn123
bnagakumar
bnbnbn90
bnccnb10
bncolony
BND66
bned342w
bnet
bnetfaxgz!)
bneubauer
bng0319
bnhkurr539
bnk4ever
bnm,.
bnm12345
bnm12369
bnm123bnm
bnmbnm12
bnmbnmbnm
bnmf1165
bnmkjh
bnobno
bnokia2002
bnovc10
bnpjuq0943
bnsunil
bnt4life
bnunnemi
bnvsfsortk
bo11ocks
bo1vf2v972
bo87sjd323
boaboa
boakwon16
boalt9.58
boar
board
Board4
board69
boarder7
boarding81
boardman
boardslide
boardsnow
boardwal
boarshead
boat1
boat11
boat66
boatdude
boater22
boathook
boatshoes
boatswain
boattree
boaventura
boaz0522
boazuda
bob10bob
bob12
bob1225
bob1945
bob1993
bob1bob
bob2000
bob2010
bob25
bob417
bob444
bob4ever
bob555
bob5555
bob654
bob800
bob98765
bob99
bobada
bobadilla
bobafet1
bobafett12
bobafett2
bobafett22
bobafett7
boballen
bobaloo
boban
bobandpete
bobandtom
bobass
bobba1
bobbbo
bobbe
bobberman
bobbers
bobbie14
bobbies
bobbii
bobbijo1
bobbinx
bobbio
bobbird
bobbisox
bobble04
bobbo
bobbo1
bobboy
bobby01
bobby02
bobby09
bobby11
bobby123$
bobby18
bobby1971
bobby1975
bobby1998
bobby1999
bobby20
bobby2002
bobby2010
bobby213
bobby25
bobby31
bobby32
bobby321
bobby420
bobby529
bobby66
bobby77
bobby83
bobby999
bobbybird
bobbybrown
bobbyc
bobbychang82
bobbyd69
bobbydeol
bobbydog
bobbye
bobbyj
bobbyjo
bobbyjoe234
bobbyk00
bobbyl
bobbyolsen
bobbyrick
bobbysox
bobbysri
bobcat123
bobcat22
bobcat23
bobcat31
bobcat35
bobcat420
bobcat69
bobcaygeon
bobdebob
bobdole2
bobdown
bobebobe
bober456
bobert1
bobfosse
bobfred
bobg
bobgg
bobhead
bobhund
bobice
bobik1
bobila
bobill
bobina
bobinho
bobino
bobins
bobisking
bobismyname
bobita
bobito
bobjane
bobjones1
bobkane
bobkat
bobleponge
bobloblaw
boblong
bobmeck
bobmusic
bobo007
bobo01
bobo05
bobo10
bobo101
bobo1973
bobo1984
bobo2008
bobo22
bobo32
bobo44
bobo51
bobo6252
bobo73
bobo77
bobo83
bobo86
bobo87
bobobeer
bobobo21
bobobobo1
bobodog
bobofat
bobofet
bobofish
bobokoko
bobol
bobola
boboli
bobolo
bobolove
bobombmcfly
bobomimi
bobomouse
bobonice
boborinwa
bobotohper
bobotun7
boboyanan
boboyo
bobpie
bobrad
bobrich
bobrock
bobross1
bobrox
bobs123
Bobs21
bobsled1
bobsmells
bobsmom
bobsoft
bobsyouruncle
bobthecow
bobthefish
bobtheman
bobthorson
bobtom24
bobvilla
bobwas
bobwashere
boby1974
bobyjoe
bobyllib
Boca
boca12
boca2007
boca209
bocachoda
bocage
bocagrande
bocahayu
bocahgaul
bocaj123
bocajlegna
bocala12
boccaccio
boccione
bochanz
bochecha
bochi
bochner
bochok
bochus
bocian11
bockbock
bocking
bod4life
boda0406
bodaddy
bodak1
bodapatisirisha
bodden
bode
bodean
bodegon
bodenstein
bodhicitta
bodhitree
bodhran
bodiam
bodiddly
bodie1
bodie37
bodies123
Bodil
bodily
bodo123
bodog0402
bodom
bodow
bodrexin
body1234
body123456
body4life
bodyandsoul
bodyart
bodyboar
bodyboard1
bodybutter
bodyfit
bodyjar
bodyline
bodyman
bodyoflies
bodyspray
bodytalk
bodyworks
bodzio9
boe
boe007
boe123
boe3ie
boe767oo
boefje
boeing1
boeing76
boeken
boelcke27
boeleken
BoeMa
boemer
boer
boerbokke
boerderij1
boeri
bof300
bofgaeul07
bog123
bog9505
bogalusa
bogart1
bogazici
bogdan3605675
bogdanateo
bogey12
bogey68
bogfox
boggis
boggles
boggy
bogholder100
bogia1635
bogie23
bogieman
bogies
bogman
bogner
bogoss
bogota1
bogota52
bogus357
bogusbogus
bogwoppit
bogy
bohandles
bohannon07
bohdie1
bohdoh14
BOHEEM
bohemians
bohica01
bohica69
Bohmte
bohol
bohongan
Bohr
boil
boiler52
boils
boing777
boinga
boink1974
boinker
boiola
boipelo
Bois
Boise
boise12
boiss
boitamari
boitshepo
boivin
bojan3
bojance
bojangels
bojangls
BOJANI
bojli
bojongbata
bojonggede
bojonglio
bojongsari
bojownik
bokachoda1
bokachuda
bokang
bokeboke
bokee2008
bokeron
boki7776
bokiboki
bokido56
bokinhvan
bokka
bokkes
bokkie12
bokkie143
bokmal
bokonon1
boksboks
bokuwa
bola12
bola1984
bola88
bolacha312
bolachas
bolade
bolamania
bolangir
bolasepak
bolatito
bolavoli
bolbo1805
boldbold
bolddd
bolder
boldhim
boldman
boldogsag
boldon
bole
bolebole
bolek123
bolek14
boleroslx
bolger
bolhas
boliche
boligrafo
bolillito
bolinas
bolinho123
bolita1
bolitho
bolivar123
bolivia22
bolivia33
bolivia87
bollington
bollito
bollix
bollo
bollocks01
bollocks12
bollocks56
bollocks69
bollox69
bollox99
bolly
bollywood69
bolo12
bolo1948
bologna123
bologunbolo
boloiota
bolololo
bololoy
boloto
bolshack
bolshevik1
bolt201
bolter27
bolton54
boluclac
bolukukus
bolyard
bom1k
bomb08
bomb1234
bomb20
bomb6
bomba12
bombadill
bombajmumbai
bombard
bombarder
bombardi
bombarral
bombas
bombastic1
bombatom
bombay12
bombay1988
bombayrocker
bombblast
bombe1
bombelek
bomber0
bomber0906
bomber14
bomber21
bomber34
bomber69
bomber911
bomberman2
bomberman99
bomberone
bombers2
bombilla
bombjack
bomboclat
bombom123
bombombom
bombompow
bomboncito
bombones
bombout
bombsaway
bomer123
bomerang
bomfunk
bommachi
bommetje
bommie
bomshanka
bomshiva
bomyeu
bon1658
bona
bonakucing
bonala
bonanza1
bonapart
Bonar
bonasera
bonavale
bonaventura
bonbon05
bonbon2
bonbons1
bonch1
bonchen
bond-007
bond@007
bond007007
bond0071
bond0077
bond008
bond0608
bond1401
bond16
bond2000
bond2009
bond420
bond4me
bond5556
bond8x
Bond911
bondage123
bondam
bondamunda1
bondas
bondbond1
bonderune
bondhu
bondhutto
bondiiswhite
bondisthebest
bondo123
bondo133
bondon1
bonds
bondstreet  
bondy007
bone1
bone111
bone187
bone1bone
bone2663
bone545body755
bone99
boneca10
bonehead1
bonehead13
bonehead4u7
bonehed
boneka
bonekvikin
bonemarrow
bonerboy
bones2
bones44
bones444
bones666
bones777
bones88
bonesaw
bonesseason
bonester
bonethaba
bonethug&h
bonethugs1
bonethugz
bonexsby
boney1
boneyard
boneym
bonfire99
bong2
bongani1
bongas
bongekile
bonger
bongers
bongiovi
bongiovi1
bongkeng
bongo0
bongo69
bongo99
bongobong
bongodog
bongojow
bongoland
bongom
bongotas
bongotromme
bongresin
bongrip420
bongro
bongs
bongsnoz
bongtoke
bongtuyet
bonham80
bonheur1
boni1803967
bonie9
Bonieboy
bonifacy
bonifasius
bonilla
bonilla123
bonita11
bonita12
bonita123
bonita13
bonita2010
bonita69
bonjour2
bonjour5
bonjour7
bonjourbonjour
bonjov
bonjovi12
bonk13
bonk1ers
bonker33
bonkers1
bonkers123
bonkers2
bonkers24
bonkers9
bonkos
bonky
bonnaroo05
bonnee
bonner1
bonnevie
bonnie03
bonnie06
bonnie08
bonnie09
bonnie18
bonnie3
bonnie69
bonnie77
bonnie97
bonnie99
bonnieblue
bonnieclyde
bonniegirl
bonnielass
bonniem1
bonnies
bonnifer
bonny1
bonny123#
bonnyboy
bonnydog
bono1
bono12
bono123
bonoedge
bonoman1
bonomi
bonpari
bonquisha
bonsai04-04-54
bonsai6602
bonsai7
bonsan3
bontle
bonucci19
bonusjonas
bonvivant
bonworld
bony
bonylad2
bonyo1975
bonyongoh
bonzer
bonzo123
bonzo2000
boo100
boo122
boo12345
boo138
boo1boo
boo22
boo2you
boo855170
booandyah
boob00
boob123
boob69
booba
boobear01
boobear11
boobear123
boobear22
boobear587
boobear87
boobee
boober1
boober12
boobie03
boobie12
boobie18
boobiecat02
boobierouse
boobies11
boobies17
boobiess
boobity
booble
boobles615
boobo1
booboo07
booboo101
booboo1234
booboo143
booboo19
booboo20
booboo21
booboo29
booboo3
booboo42
booboo4u
booboo66
booboo666
booboo67
booboo75
booboo77
booboo81
boobookittyfuck
booboooo
booboy
booboy56
boobspussy
boobsrgood
boobss
boobsucker
boobtube
boobu2
boobutt1
booby6
boobytrap
boochi
boochie
boochie1
boochie4
boodaa
boodaa11
boodah1
booday2174
boodee
boodiful
booface
boog2me2
booga41b
boogaa
boogalah
boogaloo15
boogboog
booger04
booger10
booger14
booger21
booger25
booger36
booger4
booger4u
booger5
booger9
boogerbear
boogerboy
boogers2
boogerss
boogerz
boogerz1
boogey08
boogie05
boogie07
boogie10
boogie1200
boogie1221
boogie17
boogie1980
boogie2
boogie22
boogie24
boogie45
boogie69
boogie88
boogiedown
boogieman7
boogies
boogirl
boogity
boogle
boogle35
boogley
boogotti123
boogschieten
boogy
boogy1
boogy102007
boogzs
boohoo11
booie1
book10
book123456
book15
book2010
book2321
bookbinder
booker01
booker09
booker1
b@rn4cl3b0y
b@seba11
buxing11111
ca189
CactiEZ
calvin
cannon
caonima
caonimabi
changeme
changeme123
changeme@123
Changeme123
chile
china123
china2008
china@888
chinaidc!@#$%^&
cisco
cisco123
clone
co1234kr
com123
command
computer
connor
contact
cooldude
creative
cwkjgs0908
cxz123
danger
daniel
danny
data
ddd!@#$%^&
default
delta
demo
develop
dianxin
@dm1n123
dnflskfk
dragon
driver
dupa8888
dvjdata
dx123
emerald
energy
enkj!@#$%^&
esinidc
esther
e t c
!@#ewq
!@#ewqasd
exce2003
extreme
ferrari
firewall
firs
flfthdxk
flying
founder
frank
free
freeze
ftp123
games
gaopeng
gaoxiaoqiao
garry
gd123456
genesis
gmjia
gogogo123
golden
goodluck
google
guest
haha123
haoren81246359
hardware
hld2013
hotstuff
html
huachen1258zz
huan
huawe@123
huawei
huawei@
huawei123
huawei@123
Huawei123
Huawei@123
hucgynxz!&#IT
hugh
hye
I0tZWSgWS
i8u7y6t5r
ibmserver
idc!@#
idc123
idc!@#123
idc123123412345
idc1234
idc2010
idc!@#2012
idcez
idcez123
idcidc
idcqwe123
iloveyou
ingmar
install
inter
internet
jackie
jeff
jelly123
jikun
jjj!@#$%^&
jody
joebob
joseph
Jquery$%^&
juillet
jupiter
k23.cn
kdwlKK
kingdee
l3tm3in
lalala
lanyue
lennon
lenovo
letmein
linux
linux123
Linux123
llllll
lounette
love
love123
lovesohu.com
luyouqi
m40917
mai456789
mailer
mailserver
manager
manager\
manager123
manager1234
marine
mario
marjory
martin
master
master123
masterkey
masters
meiyoumima
memory
merlin
midnight
mings$%^&
miranda
mjunhy
mjunhybgt
mjunhybgtvfr
momo2007
monitor
mother
motorola
mustang
mysql
mysql1
nagios
needidc
nemesis
Net4.0fordn1on@#$%^&
newroot
newton
nhy65tgbvfr4
nihao123
nihaoma
nikita
nimda
@n!md@mP#$@?$&#@!#mTadm!n$@
nokia
nonstop
NoPassword
NUEBUN
!null!
%null%
o12nu27
OAOidc123@#
office
okokok
oooooo
opendoor
openwrt
oracle
oracle1
oracle123
os10+ZTE
p4ssw0rd
p4$$word
P@55w0rd
pa
pa55word
panasonic
parker
parrot1818
pass
pass123
pass1234
pass12345
passw0rd
Passw0rd
PASSW0RD
Passw0rd01
Passw0rd1
passw0rd123
Passw0rd1234
passwd
Pas$$swd
passwd123
password
password!@#
Password
Password!
PassWord
PASSWORD
password0000
password1
password1!
Password1
password110
password1111
password123
password1234
Password2010
password321
patrick
pa$$word1
penny
peter
photos
"-pl,0okm"
player
poiuyt
pollyO0O!#%&
postgres
postgres1
postgres123
power
private1
p@ssw0rd
P@ssw0rd
P@ssw0rd!@#$
p@ssw0rd1
P@ssw0rd1
P@ssw0rd123
P@ssw0rd1234
P@ssw0rd3
p@ssword
P@ssword
p@ssword1
public
puppet
putty
P@$$w0rd
P@$$word
pyramid
q123456
q1w2e3
q1w2e3r4
q1w2e3r4t5
q1w2e3r4t5y6
!Q2wAZsx
qaswed!@#
qawsedrf
!qaz
qaz123
!QAZ1qaz
!qaz2wsx
QAZ2wsx
!QAZ2wsx
QAZ2WSX
!qaz2wsx#edc
qaz#@!321
qazqaz
qazwsx
!QAZ@wsx
!QAZ@WSX
qazwsx12
qazwsx123
qazwsx1234
qazwsx741
qazwsxedc
!QAZ@WSX#EDC
qazwsxedc1
qazwsxedc123
qazxsw
!QAZxsw2
qi1234567
qq123123
qq123456
qq313994716.
qq5201314
qqq123
qsx6059410172.
qwaszx
qwe!@#
qwe123
qwe.123
qwe123!@#
qwe123456
qwe123654
qwe123asd456
qwe123rty456
qwe456
qwe456321
qweasd
!@#qweasd
QWEasd098)(*
qweasdzxc
qwer1234
qwer1234!@#$
qwer1234%^&*
Qwer1234
qwer12345
qwer123456
!@#$qwerASDF
qwert
!q@w#e$r%t
qwert!@#$%
qwerty
!q@w#e$r%t^y&
qwerty123
qwerty123!
qwerty123456
q!w@e#r$t%y^u&
qwertyui
!Q@W#E$R%T^Y&U*I(O
qwertyuiop
r00t
r00t123
r00tr00t
r123456
racker
radmin
rain
redhat
redroot
report
resu
rich
ripper
rkqldk
rock05
root
root!@#$
Root
root00
root000
root001
root1
root112233
root12
root123
root@123
root123!@#
Root123
root1234
root12345
root123456
root1234567
root12345678
root123456789
root1234asus
root2012
root2013
root2014
root321
root888
roota
rootadmin
rootme
rootpass
rootpwd
rootroot
root-root
root@root
rootrootroot
roott
router
s123456
s3cret
sally
sample
samsung
sandwich1
secret
security
semil801103
senha123
septembe
server
service
shangdi
shao!%%%%shao
shirley
shisp.com
shock
sick
sina.com.cn
sincere
sltadmin
snacks
solid
soul
spider
square
ssh
ssh.g
starhub123
start123
steaua
student
sunbeam
sunita
sunshine
sunxiao
super
superman
supernic.cn
superroot
support
sysadmin
system
system32
systems
talent
tang
telecom
temp
temporal
test
test!@#
test123
test123!@#
test123456
teste
teste123
testing
thomas
toast
tomato
TOMCAT
tomcat6.0
toor
toor@2012
toor@2013
toor@2014
tristan
tropical
trustno1
tseug
ubnt
ubunt
umping
unlock
user
user123
valentin
viphacker
vision
vixen
wad,.
walleye
wang
wangjin
wangsu
wangyi
wazzt
weasel
web!@#$%^&
webmaster@wusheng.1
welcome
Welcome
welcome123
Welcome123
Welcome123!
wersdfxcv
whiskey
whoami
windows
windowsxp
winkee
winner
woaini1314
woainijie
wodemima
wojiaoshen
woody
wQg8yhxW
www.3tvps.net
www.999.com
www.baidu.com
www.china35.com
www.cncnet.com.cn
www-data;qwe123qwe
www.jx163.com
xiaobai52
xiaobai521
xiaolin82
xiaoyang
xiaoyouzi
XIAOyuan19788e
xiaozhe
xirang@123
xuanxuan
xuxulike1
xxxxx
xxxxxx
xylc#@123
Y4yhl9T
yahoo
yd2008slkui
yjdream
yukikang
yulong
z1x2c3v4
z584897593
z&5jx?8u@6!
zaq123
zaq123123
zaq12wsx
zaq1xsw2
ZAQ1XSW2
zaq1xsw2cde3vfr4
zaqwsx
zaqxswcde
zaqxswcde1472583
zaqxswcdevfr
zealot
zf!@#$
zhang
zhang123
. zhangyawen .
zhaojia
zhenxing
zhou123456
zhuchao
zj!@#$%^&
zjewww6168!QAZ
zjsxidc???#@!
zjwhUser
zlj123456
zsexdrcft
!Z@X3c4v
zxc123
zxcasdqwe
ZXCQWE
zxcv
zxcvbn
zxcvbnm
zxcvbnm,.
zxcvbnm!@#$%^&
zxiptv
zxm10
zzidc!@#190211
zzidc201244
zzidc63335503
zzidc.com123
!@#$zzidcQWER10.12
zzz
zzzzzz
